##FastQC	0.11.8
>>Basic Statistics	pass
#Measure	Value
Filename	E745-1.L500_SZAXPI015146-56_2_clean.fq.gz
File type	Conventional base calls
Encoding	Illumina 1.5
Total Sequences	1666667
Sequences flagged as poor quality	0
Sequence length	90
%GC	37
>>END_MODULE
>>Per base sequence quality	pass
#Base	Mean	Median	Lower Quartile	Upper Quartile	10th Percentile	90th Percentile
1	31.859354628129076	33.0	31.0	34.0	30.0	34.0
2	32.01682459663508	34.0	31.0	34.0	30.0	34.0
3	32.029900994019805	34.0	31.0	34.0	30.0	34.0
4	35.43096311380738	37.0	35.0	37.0	33.0	37.0
5	35.403770519245896	37.0	35.0	37.0	33.0	37.0
6	35.4143725171255	37.0	35.0	37.0	33.0	37.0
7	35.39758632048274	37.0	35.0	37.0	33.0	37.0
8	35.375214124957175	37.0	35.0	37.0	32.0	37.0
9	36.9551860089628	39.0	37.0	39.0	33.0	39.0
10-11	36.89979462004108	39.0	37.0	39.0	32.5	39.0
12-13	36.82485553502889	39.0	37.0	39.0	32.0	39.0
14-15	38.10499787900042	40.0	38.0	41.0	33.0	41.0
16-17	38.00520529895894	40.0	38.0	41.0	32.0	41.0
18-19	37.9156295168741	40.0	38.0	41.0	32.0	41.0
20-21	37.86763942647212	40.0	38.0	41.0	32.0	41.0
22-23	37.72574695485061	40.0	38.0	41.0	32.0	41.0
24-25	37.69159406168119	40.0	37.5	41.0	32.0	41.0
26-27	37.75015944996811	40.0	38.0	41.0	32.0	41.0
28-29	37.69305146138971	40.0	38.0	41.0	32.0	41.0
30-31	37.4627655074469	40.0	37.0	41.0	30.5	41.0
32-33	37.33065753386849	40.0	37.0	41.0	30.5	41.0
34-35	37.25324674935065	40.0	37.0	41.0	30.0	41.0
36-37	37.150388169922365	40.0	37.0	41.0	30.0	41.0
38-39	37.03905129218974	40.0	37.0	41.0	30.0	41.0
40-41	36.86932692613462	39.0	36.0	41.0	30.0	41.0
42-43	36.689900862019826	39.0	36.0	40.5	30.0	41.0
44-45	36.595676580864684	39.0	36.0	40.0	30.0	41.0
46-47	36.63189887362023	39.0	36.0	40.0	30.0	41.0
48-49	36.68248636350273	39.0	36.0	40.0	30.0	41.0
50-51	35.584113383177325	38.0	34.5	39.5	27.5	40.5
52-53	35.65636986872603	38.0	34.5	39.5	28.0	40.5
54-55	36.19309496138101	39.0	35.0	40.0	28.0	41.0
56-57	36.08316898336621	39.0	35.0	40.0	28.0	41.0
58-59	35.74686545062691	38.5	34.5	40.0	27.5	41.0
60-61	35.358541928291615	38.0	34.0	40.0	26.5	41.0
62-63	34.92549201490159	38.0	34.0	40.0	26.0	41.0
64-65	34.40620741875851	37.0	33.5	40.0	26.0	41.0
66-67	33.874419725116056	36.5	33.0	39.0	24.0	41.0
68-69	33.34805693038861	36.0	32.5	39.0	22.5	40.0
70-71	32.773559145288175	35.5	32.0	38.5	22.0	40.0
72-73	32.17866616426677	35.0	31.0	37.5	20.5	39.5
74-75	31.585454682909063	35.0	31.0	37.0	19.0	39.0
76-77	30.97741480451704	35.0	30.5	36.0	16.0	39.0
78-79	30.365500726899853	34.0	30.0	36.0	10.0	37.5
80-81	29.799098740180252	34.0	29.5	35.0	6.5	37.0
82-83	29.23239045352191	34.0	29.0	35.0	2.0	36.5
84-85	28.600711479857704	34.0	29.0	35.0	2.0	36.0
86-87	27.893010721397857	34.0	27.5	35.0	2.0	36.0
88-89	27.143734171253165	34.0	26.5	35.0	2.0	35.0
90	26.413394517321098	33.0	25.0	35.0	2.0	35.0
>>END_MODULE
>>Per tile sequence quality	pass
#Tile	Base	Mean
1101	1	0.5573855815419115
1101	2	0.554150718926941
1101	3	0.5489681024906616
1101	4	0.4250887178419589
1101	5	0.46778014920268873
1101	6	0.4362679740362907
1101	7	0.4170682491083113
1101	8	0.4697973518877845
1101	9	0.5066872024192577
1101	10-11	0.5462470025344928
1101	12-13	0.5753756356198991
1101	14-15	0.7805587067765813
1101	16-17	0.7162662462213021
1101	18-19	0.6395348755940304
1101	20-21	0.5690377411789598
1101	22-23	0.6944691827750518
1101	24-25	0.5802628246389006
1101	26-27	0.4822327022878312
1101	28-29	0.4579837264145681
1101	30-31	0.7871516381391572
1101	32-33	0.7245081879992199
1101	34-35	0.7744762471942721
1101	36-37	0.7245432948681625
1101	38-39	0.7576154126989252
1101	40-41	0.5883680106047606
1101	42-43	0.5834196918327663
1101	44-45	0.4862730242759241
1101	46-47	0.6293287243963377
1101	48-49	0.5935729334584394
1101	50-51	0.5769713154036396
1101	52-53	0.5995551027437216
1101	54-55	0.6555377791899986
1101	56-57	0.5052536363055182
1101	58-59	0.6723036746848479
1101	60-61	0.7239982872441573
1101	62-63	0.5883111333194435
1101	64-65	0.6786671303232765
1101	66-67	0.7560379095583798
1101	68-69	0.6859912908976185
1101	70-71	0.6294930245139128
1101	72-73	0.8272008720854345
1101	74-75	0.8200743480965791
1101	76-77	0.7706050639727451
1101	78-79	1.0141407688785833
1101	80-81	1.0869857613822447
1101	82-83	1.0882844731122248
1101	84-85	0.9847904939190428
1101	86-87	1.0118265520908807
1101	88-89	1.1074916110790518
1101	90	1.1516009028543088
1102	1	0.5253548716976901
1102	2	0.4181760842968174
1102	3	0.47955289289141234
1102	4	0.5054571925682083
1102	5	0.48156360667876186
1102	6	0.5024419802443489
1102	7	0.3426108604605673
1102	8	0.4970342295797039
1102	9	0.617354817431206
1102	10-11	0.4953812894134444
1102	12-13	0.544914598954847
1102	14-15	0.7054819864215389
1102	16-17	0.7296963263331406
1102	18-19	0.7532076313662444
1102	20-21	0.7179200163559187
1102	22-23	0.8950944211665686
1102	24-25	0.8326769386864328
1102	26-27	0.7146125104772167
1102	28-29	0.6551844699401954
1102	30-31	0.733999925620445
1102	32-33	0.48739735096371106
1102	34-35	0.6492366784293111
1102	36-37	0.7271392672261072
1102	38-39	0.7614302912781739
1102	40-41	0.669574886435619
1102	42-43	0.7566905842457388
1102	44-45	0.5871508476351508
1102	46-47	0.7498122863091439
1102	48-49	0.8106257150562897
1102	50-51	0.9014907907754264
1102	52-53	0.7968141965293825
1102	54-55	0.8286193403645186
1102	56-57	0.716606518818601
1102	58-59	0.7390069791726788
1102	60-61	0.7805362086686785
1102	62-63	0.5947236733431183
1102	64-65	0.6371807096572084
1102	66-67	0.7503063784905493
1102	68-69	0.9062688456818577
1102	70-71	0.8951271577371784
1102	72-73	0.9178688331041869
1102	74-75	0.9180282092151835
1102	76-77	0.946488666055096
1102	78-79	1.0661210231505898
1102	80-81	1.1025590874924305
1102	82-83	0.9890811998469005
1102	84-85	0.872736906678135
1102	86-87	1.0544788518998374
1102	88-89	1.1646082237666064
1102	90	1.085944473689576
1103	1	0.2725534566513268
1103	2	0.3333127230561601
1103	3	0.24051616199035664
1103	4	0.13430573409908675
1103	5	0.25667733940520066
1103	6	0.33911793330322837
1103	7	0.24903014678658053
1103	8	0.3202479231263524
1103	9	0.1245606485392372
1103	10-11	0.2920013255118121
1103	12-13	0.1967725394220352
1103	14-15	0.30610723806591267
1103	16-17	0.19902595473902807
1103	18-19	0.3461464826100453
1103	20-21	0.47431095601483264
1103	22-23	0.4313274500290163
1103	24-25	0.6107926496611711
1103	26-27	0.5004549451369513
1103	28-29	0.4859310946706401
1103	30-31	0.49162674385451055
1103	32-33	0.5368979440771042
1103	34-35	0.5592277350859334
1103	36-37	0.598882033559903
1103	38-39	0.5842524878620097
1103	40-41	0.34257561887498156
1103	42-43	0.5500150946037081
1103	44-45	0.5323038082970797
1103	46-47	0.5913300426975141
1103	48-49	0.5400903301705355
1103	50-51	0.496888158688094
1103	52-53	0.40750522327455485
1103	54-55	0.4908517998862507
1103	56-57	0.5304021676352946
1103	58-59	0.31336326608428067
1103	60-61	0.5314156474648541
1103	62-63	0.5787214982931204
1103	64-65	0.45436998414502483
1103	66-67	0.5113533033586464
1103	68-69	0.5765519693040204
1103	70-71	0.6530288664213089
1103	72-73	0.5351143495461557
1103	74-75	0.5842577895340462
1103	76-77	0.6120158990171518
1103	78-79	0.7845820458814892
1103	80-81	0.7709847822114639
1103	82-83	0.7372464904062568
1103	84-85	0.7525154415707149
1103	86-87	0.7328771869694819
1103	88-89	0.9225541676955764
1103	90	0.8311991152306248
1104	1	0.22504515186771457
1104	2	0.14353530252931535
1104	3	0.04810444936231306
1104	4	0.16665255192105377
1104	5	0.19659414849532908
1104	6	0.27848065659590304
1104	7	0.23151964820474547
1104	8	0.16443188654801588
1104	9	0.20817904557509337
1104	10-11	0.17983797165388893
1104	12-13	0.2412359736614107
1104	14-15	0.31020088290125614
1104	16-17	0.39543506255683525
1104	18-19	0.4145405269247675
1104	20-21	0.41028239675063105
1104	22-23	0.5041177619385593
1104	24-25	0.3988318536158957
1104	26-27	0.2677363088643574
1104	28-29	0.35688980183846297
1104	30-31	0.3260782205928834
1104	32-33	0.3379971843985885
1104	34-35	0.42469024064629934
1104	36-37	0.4979746855497922
1104	38-39	0.3993729603350431
1104	40-41	0.2516968769532255
1104	42-43	0.34686634381137793
1104	44-45	0.3102511068470122
1104	46-47	0.44211014173927055
1104	48-49	0.5066392427663189
1104	50-51	0.4647299381446004
1104	52-53	0.42185509160330525
1104	54-55	0.5067347256326897
1104	56-57	0.5111942935471703
1104	58-59	0.41845617300567284
1104	60-61	0.40402967511364807
1104	62-63	0.35328661898237357
1104	64-65	0.4031985565893663
1104	66-67	0.5585138954587165
1104	68-69	0.5463655658237769
1104	70-71	0.568791783600652
1104	72-73	0.7572893140595127
1104	74-75	0.6225157229761145
1104	76-77	0.5985769338655942
1104	78-79	0.7230793894779808
1104	80-81	0.7662308301229785
1104	82-83	0.7921022850251198
1104	84-85	0.9892028582735861
1104	86-87	0.8032291745246596
1104	88-89	0.9048251564048861
1104	90	0.9999559600111638
1105	1	0.24893907466634957
1105	2	0.1404097608769419
1105	3	0.21591075262863768
1105	4	0.1863734004206492
1105	5	0.22830141834607787
1105	6	0.23604369110307744
1105	7	0.23455032001964327
1105	8	0.24411240845197568
1105	9	0.29852961221262575
1105	10-11	0.24212486025512447
1105	12-13	0.34344245800097184
1105	14-15	0.40403720154589706
1105	16-17	0.31667857655774867
1105	18-19	0.5181909873523338
1105	20-21	0.4229156201861528
1105	22-23	0.45408765989586897
1105	24-25	0.3918667572340482
1105	26-27	0.3660883948944331
1105	28-29	0.3327897284503294
1105	30-31	0.4656992852002517
1105	32-33	0.43711495944736356
1105	34-35	0.3767549734065412
1105	36-37	0.45403432355082884
1105	38-39	0.3734770442556652
1105	40-41	0.5002201251341987
1105	42-43	0.47852668582221725
1105	44-45	0.43905982196459803
1105	46-47	0.4920338494258516
1105	48-49	0.46565856154741425
1105	50-51	0.4612883941910084
1105	52-53	0.44177559086388385
1105	54-55	0.5159461811886104
1105	56-57	0.3962252806729012
1105	58-59	0.38089642990102135
1105	60-61	0.44621047360605814
1105	62-63	0.4787854462473504
1105	64-65	0.6566530541019091
1105	66-67	0.8780016720932622
1105	68-69	0.8271877987407521
1105	70-71	0.7310159327223928
1105	72-73	0.822873459640924
1105	74-75	0.7411767306431507
1105	76-77	0.6236292551802336
1105	78-79	0.8476179477514805
1105	80-81	1.0516291728050007
1105	82-83	1.085958287547605
1105	84-85	1.2040410909102839
1105	86-87	1.263344428930715
1105	88-89	1.1653531729706899
1105	90	1.3837794080733836
1106	1	0.27919970976654085
1106	2	0.27809967020424153
1106	3	0.18449180847292013
1106	4	0.19628185621014893
1106	5	0.14497155327018874
1106	6	0.31818358815808523
1106	7	0.2179852110452174
1106	8	0.20349199944660512
1106	9	0.22457729274876215
1106	10-11	0.34184250852758424
1106	12-13	0.3745930568534206
1106	14-15	0.44823080501202384
1106	16-17	0.5780417884842848
1106	18-19	0.2186101573894348
1106	20-21	0.5126665192651956
1106	22-23	0.4674598821773728
1106	24-25	0.3278646460434871
1106	26-27	0.4469619333351744
1106	28-29	0.45182565959741794
1106	30-31	0.38313061370292445
1106	32-33	0.3061468887589385
1106	34-35	0.592911628370068
1106	36-37	0.5324859956066348
1106	38-39	0.5819387475791515
1106	40-41	0.5962114865052754
1106	42-43	0.3874514904437163
1106	44-45	0.4222631401087398
1106	46-47	0.29308086298940594
1106	48-49	0.35753025558663865
1106	50-51	0.4872014796595394
1106	52-53	0.5182883291509626
1106	54-55	0.4108622938233921
1106	56-57	0.45567872776508267
1106	58-59	0.5304058493325101
1106	60-61	0.582474617871334
1106	62-63	0.6206002252926694
1106	64-65	0.7148522814808658
1106	66-67	0.7611334018466422
1106	68-69	0.7818139650534732
1106	70-71	0.8453408586439721
1106	72-73	0.8598775877565785
1106	74-75	0.8543513511802097
1106	76-77	1.0673022198467024
1106	78-79	0.9917462768339753
1106	80-81	1.08107058771175
1106	82-83	1.0980374723114608
1106	84-85	1.068557615823046
1106	86-87	1.0611794803854266
1106	88-89	1.4189182303659038
1106	90	1.8514038473717633
1107	1	0.1348211007007052
1107	2	0.023681404518335114
1107	3	0.09967294510047964
1107	4	0.10231873112252288
1107	5	-0.052327246520363246
1107	6	0.10549250943969923
1107	7	0.050963934263734245
1107	8	-0.028626685119235162
1107	9	0.1532983025861867
1107	10-11	0.029246795660860414
1107	12-13	0.15475669781059764
1107	14-15	0.18000387130002338
1107	16-17	0.17963261031547972
1107	18-19	0.1805422552269036
1107	20-21	0.22643932470262484
1107	22-23	0.18317619024433895
1107	24-25	0.22887674277051673
1107	26-27	0.3633079056993296
1107	28-29	0.3228505037811047
1107	30-31	0.28624649473621133
1107	32-33	0.24151618350385462
1107	34-35	0.16443514411896132
1107	36-37	0.21049027746703075
1107	38-39	0.28895453672109284
1107	40-41	0.36716766099021214
1107	42-43	0.26887530679932325
1107	44-45	0.26471406519416263
1107	46-47	0.18580802952887865
1107	48-49	0.4591853297675428
1107	50-51	0.10635663284639918
1107	52-53	0.21429479244847016
1107	54-55	0.27678501256378496
1107	56-57	0.20576951912879338
1107	58-59	0.24061505009438378
1107	60-61	0.3867943050881024
1107	62-63	0.4405993191250275
1107	64-65	0.34247434042995195
1107	66-67	0.43884557995415463
1107	68-69	0.67700406558221
1107	70-71	0.5127469074789062
1107	72-73	0.5503448175741354
1107	74-75	0.4679810205407655
1107	76-77	0.47957275122236
1107	78-79	0.2870937694296778
1107	80-81	0.49088626029155336
1107	82-83	0.5741488677275797
1107	84-85	0.5668851341441297
1107	86-87	0.7399725558677943
1107	88-89	0.8773188060529868
1107	90	1.0561066828733523
1108	1	-0.07378901305658658
1108	2	0.034604075339345286
1108	3	0.11179241174247778
1108	4	0.04900035996586638
1108	5	0.04987856439745997
1108	6	0.05047708853874866
1108	7	0.12458797281934864
1108	8	-0.030180854474252783
1108	9	0.13018696821966813
1108	10-11	0.08464659586989143
1108	12-13	0.12653134989771075
1108	14-15	0.2000977202474914
1108	16-17	0.19340762581576598
1108	18-19	0.3146023257318191
1108	20-21	0.16911909472041486
1108	22-23	0.17684989354010838
1108	24-25	0.22856984328704044
1108	26-27	0.09237873278523523
1108	28-29	0.1711287864623614
1108	30-31	0.09258399064004408
1108	32-33	0.1346115404606465
1108	34-35	0.29085728284857026
1108	36-37	0.2825344782402084
1108	38-39	0.4215888231483049
1108	40-41	0.26647986792795564
1108	42-43	0.21884840456177557
1108	44-45	0.25948163175994665
1108	46-47	0.1742812662890998
1108	48-49	0.23836489607724332
1108	50-51	-0.05010865299979628
1108	52-53	0.09265340911090902
1108	54-55	0.20677560627149916
1108	56-57	0.45802583860935187
1108	58-59	0.384091248861715
1108	60-61	0.25123053927872263
1108	62-63	0.011351470484363801
1108	64-65	0.22376899378711812
1108	66-67	0.30981134439788605
1108	68-69	0.4649877730763734
1108	70-71	0.5286387701473814
1108	72-73	0.5665360733288267
1108	74-75	0.5404136989423698
1108	76-77	0.6017663293010571
1108	78-79	0.7676663936506287
1108	80-81	0.6375418928418455
1108	82-83	0.652116867006967
1108	84-85	0.9508892949315069
1108	86-87	0.7120620452377864
1108	88-89	0.7540550918220497
1108	90	0.8687835038261049
1109	1	0.08741171522859759
1109	2	0.09913772830219614
1109	3	0.04914228988879188
1109	4	-0.06945616785244368
1109	5	9.468612287193423E-4
1109	6	-0.039098544506025235
1109	7	0.06282034456226171
1109	8	0.05966977681431729
1109	9	0.10018623871864918
1109	10-11	0.16563940454339132
1109	12-13	-1.1336250326365871E-4
1109	14-15	-0.005883732189040813
1109	16-17	0.022339762970062793
1109	18-19	0.1742206616048989
1109	20-21	0.31567031953911595
1109	22-23	0.20761461493825095
1109	24-25	0.14989121618094714
1109	26-27	0.1535786336271343
1109	28-29	0.13740924819597922
1109	30-31	0.04578595130913499
1109	32-33	-0.0697737063268491
1109	34-35	0.1941509461865465
1109	36-37	0.24835849523758213
1109	38-39	0.1517714719665122
1109	40-41	0.2973809908191569
1109	42-43	0.2864503945460015
1109	44-45	0.2929713012149264
1109	46-47	0.25664995272794755
1109	48-49	0.1568343759159987
1109	50-51	-0.020368441485032918
1109	52-53	0.08228275842301258
1109	54-55	0.054062884111409915
1109	56-57	0.18680217156982337
1109	58-59	0.3975355558492524
1109	60-61	0.46789512889387197
1109	62-63	0.5149087589425747
1109	64-65	0.5253193860965553
1109	66-67	0.7150652039986625
1109	68-69	0.7296281155635995
1109	70-71	0.672971602624223
1109	72-73	0.7656326910108504
1109	74-75	0.8229050327404259
1109	76-77	0.9612185010526133
1109	78-79	1.0686444147305068
1109	80-81	1.2614660899178958
1109	82-83	1.235311603589551
1109	84-85	1.2401020012181831
1109	86-87	1.200485353741069
1109	88-89	1.275026937473143
1109	90	1.6960193400234083
1110	1	-0.09912668765085542
1110	2	-0.19707502453116277
1110	3	-0.1500319346651935
1110	4	-0.08014964637855115
1110	5	-0.13652729621935578
1110	6	-0.37598950757744376
1110	7	-0.41555816663561274
1110	8	-0.3070959388464374
1110	9	-0.19686720198413354
1110	10-11	-0.06556225717505981
1110	12-13	-0.07816689301950674
1110	14-15	-0.20506244741597612
1110	16-17	-0.2311086925773651
1110	18-19	-0.4483662371533015
1110	20-21	-0.13494282677886815
1110	22-23	-0.3512500158436964
1110	24-25	-0.1397044029557648
1110	26-27	-0.10913166543473096
1110	28-29	-0.04012565195856865
1110	30-31	-0.0014352117921063723
1110	32-33	0.04431785595285476
1110	34-35	-0.17622399958645474
1110	36-37	-0.08439795608013867
1110	38-39	-0.0962496663936605
1110	40-41	-0.07298124550208485
1110	42-43	-0.3022006157706798
1110	44-45	-0.13980027435038522
1110	46-47	-0.2212202651289985
1110	48-49	-0.2185065763100198
1110	50-51	-0.20992978746680535
1110	52-53	0.009794739199548985
1110	54-55	0.0819944886203885
1110	56-57	-0.23604001770949878
1110	58-59	-0.2240580145238269
1110	60-61	-0.17619929724895655
1110	62-63	0.048176553869645034
1110	64-65	-0.09626329651285204
1110	66-67	0.28531305525401507
1110	68-69	0.3876750625838241
1110	70-71	0.2427825452927337
1110	72-73	-0.08269838851303746
1110	74-75	0.28118735880734036
1110	76-77	0.35304920437673104
1110	78-79	0.45530550618433097
1110	80-81	0.41059299294647644
1110	82-83	0.3868899056745789
1110	84-85	0.5018740038210794
1110	86-87	0.48542609380397295
1110	88-89	0.7706780596330063
1110	90	0.8773751673917722
1111	1	-0.3334368417539828
1111	2	-0.42517756628822667
1111	3	-0.23623449799297802
1111	4	-0.09896467464311343
1111	5	-0.030995379118358812
1111	6	-0.24101334127799845
1111	7	-0.23374198116027145
1111	8	-0.1522800702315763
1111	9	-0.14861432224975601
1111	10-11	-0.34888675040362926
1111	12-13	-0.3239602351453925
1111	14-15	-0.6025515982947383
1111	16-17	-0.4380491474472237
1111	18-19	-0.2034447584653023
1111	20-21	-0.34103882469700864
1111	22-23	-0.1367621432138293
1111	24-25	-0.06407512366421741
1111	26-27	-0.4640212376125703
1111	28-29	-0.11342382372114912
1111	30-31	-0.19437160064605763
1111	32-33	-0.25659299904737765
1111	34-35	-0.30744266746696525
1111	36-37	-0.033206357508206
1111	38-39	-0.06479877825492508
1111	40-41	-0.1579957765593818
1111	42-43	-0.0712139952368318
1111	44-45	-0.16409647016583762
1111	46-47	-0.09310159936666906
1111	48-49	-0.18203277954770414
1111	50-51	-0.3387506904024633
1111	52-53	-0.2601291494436708
1111	54-55	-0.13091509029235482
1111	56-57	-0.12949989638608628
1111	58-59	-0.4428743396252699
1111	60-61	-0.26296382322698264
1111	62-63	0.10849511752768848
1111	64-65	0.03327566500610857
1111	66-67	0.2525712524519008
1111	68-69	0.4273705047641272
1111	70-71	0.31493046596609275
1111	72-73	0.2872469411666714
1111	74-75	0.04596634970397773
1111	76-77	0.1332898194924006
1111	78-79	0.42546343065741965
1111	80-81	0.3636215177383235
1111	82-83	0.21953141975757973
1111	84-85	0.26120597720479566
1111	86-87	0.24585618543414256
1111	88-89	0.4413569667107531
1111	90	0.5774150667399383
1112	1	-0.3745368414647814
1112	2	-0.4266771978216113
1112	3	-0.3776591637242177
1112	4	-0.27371512822644206
1112	5	-0.42141382732047106
1112	6	-0.36117420988645677
1112	7	-0.23488431969683177
1112	8	-0.4092391992253894
1112	9	-0.33245326855353596
1112	10-11	-0.2731219685561044
1112	12-13	-0.23400048384656458
1112	14-15	-0.2431365334653819
1112	16-17	-0.42356445254888797
1112	18-19	-0.4669892259317905
1112	20-21	-0.28872063990318253
1112	22-23	-0.3743955069657048
1112	24-25	-0.3266908659568415
1112	26-27	-0.370819164103807
1112	28-29	-0.2951610774446607
1112	30-31	-0.19341540150739434
1112	32-33	-0.444429472957232
1112	34-35	-0.2744635248071532
1112	36-37	-0.11781446966298148
1112	38-39	-0.21747988229290627
1112	40-41	-0.14717064006372738
1112	42-43	-0.3558814721882797
1112	44-45	-0.31828049209664044
1112	46-47	-0.18972358994874838
1112	48-49	-0.32009786576468713
1112	50-51	-0.4221966144097351
1112	52-53	-0.3385778353074045
1112	54-55	-0.31398713176042037
1112	56-57	-0.29659037196436344
1112	58-59	-0.14898297194500998
1112	60-61	-0.015342818815632597
1112	62-63	0.0766266328995755
1112	64-65	0.019757028324711712
1112	66-67	0.12589484764497882
1112	68-69	0.19823382612722895
1112	70-71	-0.1779888754685146
1112	72-73	-0.07197856645097289
1112	74-75	0.005661517519950365
1112	76-77	0.015083808925048459
1112	78-79	0.10445473389873783
1112	80-81	0.25922071439433125
1112	82-83	0.15729881439229487
1112	84-85	0.250076523826273
1112	86-87	0.16620810983420853
1112	88-89	0.16398165841737367
1112	90	0.39479890905147386
1113	1	-0.735049416612199
1113	2	-0.6704003452190825
1113	3	-0.575073782526907
1113	4	-0.4494483942206031
1113	5	-0.27853817884867027
1113	6	-0.22563046822078547
1113	7	-0.352703770971182
1113	8	-0.35471334231227303
1113	9	-0.49694062695299124
1113	10-11	-0.9878202934941953
1113	12-13	-0.5136160746370351
1113	14-15	-0.6882951127860579
1113	16-17	-0.616497560827618
1113	18-19	-0.7579324616676288
1113	20-21	-0.6834083323403775
1113	22-23	-0.8484240286493616
1113	24-25	-0.7995534010108756
1113	26-27	-0.744976161839972
1113	28-29	-0.8246028268454779
1113	30-31	-0.5629587798959577
1113	32-33	-0.7918231811748271
1113	34-35	-0.9699227823927785
1113	36-37	-0.8342371204340608
1113	38-39	-0.8357798340036311
1113	40-41	-0.8348135918231847
1113	42-43	-0.8534387880134275
1113	44-45	-0.5969157220023149
1113	46-47	-0.5499626440105843
1113	48-49	-0.6677828159026831
1113	50-51	-1.1977023448847035
1113	52-53	-0.7495879228926299
1113	54-55	-0.5371751099460695
1113	56-57	-0.5314041924434392
1113	58-59	-0.4798736654055844
1113	60-61	-0.4759289797296731
1113	62-63	-0.7679808727600204
1113	64-65	-0.42572331705435573
1113	66-67	-0.3330853626127279
1113	68-69	-0.3023819728830617
1113	70-71	-0.46408072255542976
1113	72-73	-0.6270820339753342
1113	74-75	-0.4989361087742239
1113	76-77	-0.527858336979449
1113	78-79	-0.3554768193767366
1113	80-81	-0.41690706168519753
1113	82-83	-0.364904417001938
1113	84-85	-0.41689219447004433
1113	86-87	-0.5920687161870681
1113	88-89	-0.5554699703488559
1113	90	-0.527206026201025
1114	1	-0.5409894396289978
1114	2	-0.3995658306825085
1114	3	-0.4763005157852973
1114	4	-0.5679296408602781
1114	5	-0.3649068120150787
1114	6	-0.4122120290086855
1114	7	-0.46449450470945663
1114	8	-0.39381142143141545
1114	9	-0.6285834844132339
1114	10-11	-0.5873664004112342
1114	12-13	-0.635030274847658
1114	14-15	-0.7671617353149713
1114	16-17	-0.6744890561642762
1114	18-19	-0.5357142286291889
1114	20-21	-0.6873674441940238
1114	22-23	-0.6174182655624421
1114	24-25	-0.7377059695169592
1114	26-27	-0.6197068252836999
1114	28-29	-0.7787448289516448
1114	30-31	-0.8394676911301957
1114	32-33	-1.203782808462627
1114	34-35	-1.036561974049853
1114	36-37	-0.7334685459205019
1114	38-39	-0.8635767529516158
1114	40-41	-0.896853955648595
1114	42-43	-0.8511129803147881
1114	44-45	-0.658431542720102
1114	46-47	-0.5756781865716718
1114	48-49	-0.7774308099307632
1114	50-51	-0.7779955202700535
1114	52-53	-0.8205013077397538
1114	54-55	-0.7284400119913741
1114	56-57	-0.9204095378509649
1114	58-59	-0.6406289541597872
1114	60-61	-0.47472353034664394
1114	62-63	-0.4470309631831597
1114	64-65	-0.2427363762004262
1114	66-67	-0.25347615944724566
1114	68-69	-0.5879435961451378
1114	70-71	-0.34333534257827125
1114	72-73	-0.2684650859675308
1114	74-75	-0.21729049640736164
1114	76-77	-0.0777784446874108
1114	78-79	-0.18763888786726923
1114	80-81	-0.08767576950069156
1114	82-83	-0.3391256893244545
1114	84-85	-0.301723856345248
1114	86-87	-0.33605248889838535
1114	88-89	-0.17791410573029864
1114	90	-0.15951965898974763
1115	1	-0.5860923753345659
1115	2	-0.691832908430424
1115	3	-0.6744704067119187
1115	4	-0.634579360394298
1115	5	-0.7424551238042554
1115	6	-0.6230502187830425
1115	7	-0.6827957766959827
1115	8	-0.5615971879243986
1115	9	-0.7230443548886569
1115	10-11	-0.8200915854363089
1115	12-13	-0.8643189529395912
1115	14-15	-0.9140910190992386
1115	16-17	-1.0678226704393836
1115	18-19	-1.3913171364671442
1115	20-21	-0.8730612095070498
1115	22-23	-1.0470082763605717
1115	24-25	-0.895408599902261
1115	26-27	-0.9591036976767668
1115	28-29	-1.1370806205254809
1115	30-31	-0.9868866292337373
1115	32-33	-1.0835801497565782
1115	34-35	-0.9758531760864102
1115	36-37	-1.0312540903788587
1115	38-39	-0.8700250462983234
1115	40-41	-0.6318173856394864
1115	42-43	-0.7549542699644007
1115	44-45	-0.9772960123314931
1115	46-47	-0.9935410987687519
1115	48-49	-1.0235753145964281
1115	50-51	-0.9652041054880769
1115	52-53	-0.916952242845376
1115	54-55	-0.9572555297647867
1115	56-57	-0.6777264623723411
1115	58-59	-0.47047045315632374
1115	60-61	-0.5741258946982128
1115	62-63	-0.6470303741117078
1115	64-65	-0.7912045865061827
1115	66-67	-0.743840491079979
1115	68-69	-0.7294884496317309
1115	70-71	-1.0387955048085509
1115	72-73	-0.8027502681469407
1115	74-75	-0.7744678109937233
1115	76-77	-0.6474319302005576
1115	78-79	-0.47490502083519814
1115	80-81	-0.5060737851455208
1115	82-83	-0.9237712699517999
1115	84-85	-0.9651681662095193
1115	86-87	-0.7750656038946495
1115	88-89	-0.6595173135415706
1115	90	-0.7733688195402664
1116	1	-0.9893467418671094
1116	2	-0.8721849247964428
1116	3	-0.7683483133381976
1116	4	-0.7809093444200954
1116	5	-0.7415385852325898
1116	6	-0.6381772023718142
1116	7	-0.8228083224711114
1116	8	-0.9758975820048974
1116	9	-1.0365711870239238
1116	10-11	-0.8217279519839238
1116	12-13	-1.2903461618248642
1116	14-15	-1.3848286579316138
1116	16-17	-1.200118811012338
1116	18-19	-1.4271556218567767
1116	20-21	-1.3917677419753716
1116	22-23	-1.4065719339249654
1116	24-25	-1.3561049563529721
1116	26-27	-1.341854763879283
1116	28-29	-1.3937848868425249
1116	30-31	-1.5797483469123605
1116	32-33	-1.2749213044199905
1116	34-35	-1.1500746222036256
1116	36-37	-1.1102043141683566
1116	38-39	-1.1872600874394266
1116	40-41	-1.2100734004533038
1116	42-43	-1.02940007070886
1116	44-45	-1.149135409456136
1116	46-47	-1.3398703763882978
1116	48-49	-1.2290349401822809
1116	50-51	-1.0174505715730362
1116	52-53	-1.0170737918153492
1116	54-55	-1.0380641671353814
1116	56-57	-1.160033293226654
1116	58-59	-1.0946705658045772
1116	60-61	-1.265921221491169
1116	62-63	-1.1968982290478891
1116	64-65	-1.5383494807901386
1116	66-67	-1.4705497116595723
1116	68-69	-1.2133838939706934
1116	70-71	-1.3892863158759567
1116	72-73	-1.464081165791498
1116	74-75	-1.423909232019387
1116	76-77	-1.6538404006708909
1116	78-79	-1.49407618024566
1116	80-81	-1.568095642296992
1116	82-83	-1.7171014762601011
1116	84-85	-1.4310854300249432
1116	86-87	-1.7598218748984635
1116	88-89	-1.779524481210391
1116	90	-1.632056957189647
1201	1	0.4363734174709428
1201	2	0.4873131571268843
1201	3	0.45241342567528875
1201	4	0.406432550345059
1201	5	0.446844802750455
1201	6	0.38676299782544277
1201	7	0.47539416110195987
1201	8	0.4992558801395077
1201	9	0.5331584250058441
1201	10-11	0.4966861844652968
1201	12-13	0.5894354207965264
1201	14-15	0.7420646022223494
1201	16-17	0.6783747142780925
1201	18-19	0.5708116251428237
1201	20-21	0.5517344530856718
1201	22-23	0.6114122363387651
1201	24-25	0.5148477497682151
1201	26-27	0.5817752042274904
1201	28-29	0.6010997083440301
1201	30-31	0.40623432315283736
1201	32-33	0.519348161336417
1201	34-35	0.42656598978771854
1201	36-37	0.4961400686528492
1201	38-39	0.4616336162097241
1201	40-41	0.5190941334572656
1201	42-43	0.4752734399798584
1201	44-45	0.5569567654955065
1201	46-47	0.49683033160294343
1201	48-49	0.3902114302018447
1201	50-51	0.40747345786094513
1201	52-53	0.4098593749004209
1201	54-55	0.2942670325111081
1201	56-57	0.41108504313802996
1201	58-59	0.5047666195860216
1201	60-61	0.590508818343352
1201	62-63	0.47457150120457214
1201	64-65	0.5097909614882425
1201	66-67	0.4428386396270412
1201	68-69	0.435255840636664
1201	70-71	0.378124873011366
1201	72-73	0.314906728550973
1201	74-75	0.3494797356775159
1201	76-77	0.21967521132044965
1201	78-79	0.3371692967438271
1201	80-81	0.12951808940282916
1201	82-83	0.11964666330159446
1201	84-85	-0.21854576362298417
1201	86-87	-0.34631964781611657
1201	88-89	-0.31593491599578627
1201	90	-0.3458812786580161
1202	1	0.5398082238725728
1202	2	0.434037594740758
1202	3	0.5903307991030289
1202	4	0.5467808324176815
1202	5	0.49869010437056716
1202	6	0.5846982770318832
1202	7	0.4903664532722658
1202	8	0.500304437508234
1202	9	0.5384966114901246
1202	10-11	0.6305292069775135
1202	12-13	0.6704476424340058
1202	14-15	0.6960535652177668
1202	16-17	0.745802446429451
1202	18-19	0.8230066031380048
1202	20-21	0.7376485388950158
1202	22-23	0.6245341948200007
1202	24-25	0.49819327887978915
1202	26-27	0.7232528712764577
1202	28-29	0.734219108856891
1202	30-31	0.6234903359510682
1202	32-33	0.7233283706285576
1202	34-35	0.5716178934823049
1202	36-37	0.7128856933737211
1202	38-39	0.5663455197785083
1202	40-41	0.5274518234021457
1202	42-43	0.6092378611556413
1202	44-45	0.6241138142709346
1202	46-47	0.7188759829518503
1202	48-49	0.7025761671399664
1202	50-51	0.6725035139894828
1202	52-53	0.7395165547193159
1202	54-55	0.7406056781716828
1202	56-57	0.7944295239018899
1202	58-59	0.5776415139649913
1202	60-61	0.7920158181609338
1202	62-63	0.6539262851296215
1202	64-65	0.6686011707174799
1202	66-67	0.5643957085307463
1202	68-69	0.48495444067314963
1202	70-71	0.4601876438782071
1202	72-73	0.40823231808930416
1202	74-75	0.32085077528199335
1202	76-77	0.19454883300531378
1202	78-79	0.3788319447443129
1202	80-81	0.3939052463048327
1202	82-83	0.2888665982621035
1202	84-85	0.27891660593635237
1202	86-87	0.3631445207078734
1202	88-89	0.2930735357833676
1202	90	0.3583151523470747
1203	1	0.3466192457613424
1203	2	0.22340548350212686
1203	3	0.2885673296632447
1203	4	0.2907792106482958
1203	5	0.31961062231292914
1203	6	0.3152150829243112
1203	7	0.2822696876988289
1203	8	0.2724994880400686
1203	9	0.2417291951305245
1203	10-11	0.3156319651116988
1203	12-13	0.3107250120960643
1203	14-15	0.28912080824051856
1203	16-17	0.28734155062711153
1203	18-19	0.41154840311773455
1203	20-21	0.2092867205065687
1203	22-23	0.286481638843874
1203	24-25	0.32276441609437967
1203	26-27	0.37457654839282384
1203	28-29	0.34873855217225014
1203	30-31	0.3576206979517025
1203	32-33	0.4544784754190161
1203	34-35	0.31674290999179533
1203	36-37	0.2304213308345453
1203	38-39	0.1570275127119345
1203	40-41	0.319970541835751
1203	42-43	0.14077124206360736
1203	44-45	0.26227295243975135
1203	46-47	0.31089035567827494
1203	48-49	0.21891615921540364
1203	50-51	0.35164765181531266
1203	52-53	0.5193965294508303
1203	54-55	0.3988086164000819
1203	56-57	0.3307803994423608
1203	58-59	0.2281620876044812
1203	60-61	0.19212270750691118
1203	62-63	0.20208239271928363
1203	64-65	0.17704650408631295
1203	66-67	0.20667930111851973
1203	68-69	0.011300719152657734
1203	70-71	-0.11723249370599831
1203	72-73	-0.12383069748029385
1203	74-75	-0.10965277182662092
1203	76-77	-0.09276947302380023
1203	78-79	-0.15340763277657032
1203	80-81	-0.0606698019950187
1203	82-83	-0.28603508708801684
1203	84-85	-0.2521024979746329
1203	86-87	-0.49258690854806986
1203	88-89	-0.5416834701272855
1203	90	-0.541306025258173
1204	1	0.3169602606401405
1204	2	0.2170087775681182
1204	3	0.26943677725695636
1204	4	0.3230437335982046
1204	5	0.30396613967225505
1204	6	0.27495525030108325
1204	7	0.3379444072484077
1204	8	0.3493460202881593
1204	9	0.32686946167670783
1204	10-11	0.298548948281784
1204	12-13	0.39249918633341707
1204	14-15	0.4374774906113359
1204	16-17	0.388531503877239
1204	18-19	0.3599183034283655
1204	20-21	0.33149967257356394
1204	22-23	0.3457223633264306
1204	24-25	0.318602508184874
1204	26-27	0.32389217387031266
1204	28-29	0.26886135649515097
1204	30-31	0.21138595809808436
1204	32-33	0.3125167558477244
1204	34-35	0.3422832169388599
1204	36-37	0.13534086475823415
1204	38-39	0.11776455380189788
1204	40-41	0.2510671746377895
1204	42-43	0.2092852926240667
1204	44-45	0.2979496860567252
1204	46-47	0.289984545303021
1204	48-49	0.30387220134786475
1204	50-51	0.21042880636002792
1204	52-53	0.2592579612156811
1204	54-55	0.2636807808930115
1204	56-57	0.26970106650307457
1204	58-59	0.22535026225978783
1204	60-61	0.26252402487831716
1204	62-63	0.37437998143635554
1204	64-65	0.39971166508320266
1204	66-67	0.14952057647141714
1204	68-69	0.334170364766436
1204	70-71	0.1628512683886143
1204	72-73	0.1348442852327878
1204	74-75	0.1527327465706243
1204	76-77	-0.005099519901165195
1204	78-79	0.04680067677542965
1204	80-81	-0.04120840266243064
1204	82-83	-0.09927645463778845
1204	84-85	-0.34000548327671964
1204	86-87	-0.15512533470281653
1204	88-89	-0.21623652546353966
1204	90	-0.07121502566915439
1205	1	0.1722428646803884
1205	2	0.13445964624688855
1205	3	0.15547913991895967
1205	4	0.23815331442033028
1205	5	0.14691139467932857
1205	6	0.21015748411712565
1205	7	0.3019053842976618
1205	8	0.08597571164939666
1205	9	0.13421252214932622
1205	10-11	0.29231124983434853
1205	12-13	0.2175564824973648
1205	14-15	0.26503205708240074
1205	16-17	0.2723388290031181
1205	18-19	0.2890733332128761
1205	20-21	0.34668251376723447
1205	22-23	0.2853843961800777
1205	24-25	0.3724308982123503
1205	26-27	0.14708480599225027
1205	28-29	0.21253928307831416
1205	30-31	0.2859144989603024
1205	32-33	0.3579845737792695
1205	34-35	0.27481135509684407
1205	36-37	0.37588621003930456
1205	38-39	0.312899181004326
1205	40-41	0.2965242318160719
1205	42-43	0.18770949761040612
1205	44-45	0.25212172219385565
1205	46-47	0.31615120726791446
1205	48-49	0.13526525453516314
1205	50-51	0.1471882956721231
1205	52-53	0.24037729864798507
1205	54-55	0.2615407482055261
1205	56-57	0.258085463488392
1205	58-59	0.33635649641978915
1205	60-61	0.1629253040313543
1205	62-63	0.0964225023105243
1205	64-65	0.07930267502643318
1205	66-67	0.31185744563316575
1205	68-69	0.17046513495310478
1205	70-71	0.1948282523976559
1205	72-73	0.1264907415567862
1205	74-75	0.1991163433824532
1205	76-77	0.19272844628834918
1205	78-79	0.26133985042519114
1205	80-81	0.3349928148925656
1205	82-83	0.3122379682130898
1205	84-85	0.07858229291473506
1205	86-87	0.1851804820272065
1205	88-89	0.1927663763529246
1205	90	0.21444526239136508
1206	1	0.25063064531655854
1206	2	0.2617313529778329
1206	3	0.23501254651939973
1206	4	0.16774100002744774
1206	5	0.28608112680685593
1206	6	0.2363570464352378
1206	7	0.2338823158829939
1206	8	0.07141525039298813
1206	9	0.25091038187909476
1206	10-11	0.132993064646854
1206	12-13	0.23317413265225895
1206	14-15	0.3387122073014055
1206	16-17	0.2149671357079015
1206	18-19	0.31038400875551275
1206	20-21	0.11780249251623331
1206	22-23	0.18885690064411875
1206	24-25	0.2535584283772252
1206	26-27	0.387203793705325
1206	28-29	0.22586521511034618
1206	30-31	0.4046903267093356
1206	32-33	0.5058864055593801
1206	34-35	0.43612228797875474
1206	36-37	0.3187124628596649
1206	38-39	0.29676834412302355
1206	40-41	0.2511183951935081
1206	42-43	0.24991926249834506
1206	44-45	0.23619778235940458
1206	46-47	0.1762046088968532
1206	48-49	0.16094375144257356
1206	50-51	0.417953407291634
1206	52-53	0.1913515562358441
1206	54-55	0.21095675122124646
1206	56-57	0.22896565984199668
1206	58-59	0.3270983896965234
1206	60-61	0.18431425360320475
1206	62-63	0.16693472214986826
1206	64-65	0.1966904557558422
1206	66-67	-0.002164579811534395
1206	68-69	0.1256394305637656
1206	70-71	0.1428873035560443
1206	72-73	0.2811342096473197
1206	74-75	0.0652460287637453
1206	76-77	0.05831855834375688
1206	78-79	0.20848087169474994
1206	80-81	0.06528013698930835
1206	82-83	0.02987165713149409
1206	84-85	-0.08971171832483549
1206	86-87	0.03394480130282318
1206	88-89	-0.03343437942268679
1206	90	-0.026518562699607173
1207	1	0.19370562955316828
1207	2	0.24887508181618756
1207	3	0.19320278567469273
1207	4	0.12290037868729797
1207	5	0.12764703289857948
1207	6	0.17475319821584634
1207	7	0.14693385233567113
1207	8	0.1552610829323129
1207	9	0.15071132182532665
1207	10-11	0.12283382485332339
1207	12-13	0.2335563587535745
1207	14-15	0.2114709255625442
1207	16-17	0.30199176949267326
1207	18-19	0.23213930100586566
1207	20-21	0.13003798999175586
1207	22-23	0.15042145382042804
1207	24-25	0.1766036649738041
1207	26-27	0.2506429321731929
1207	28-29	0.14329557777692514
1207	30-31	0.2718194594603034
1207	32-33	-0.09387254451226568
1207	34-35	0.045774569469848814
1207	36-37	0.20648524236662524
1207	38-39	2.788571281939767E-4
1207	40-41	0.1086113054492941
1207	42-43	0.040946628512287475
1207	44-45	0.1764598299748812
1207	46-47	0.034655696742589726
1207	48-49	0.08815594000047611
1207	50-51	0.06336665282845644
1207	52-53	-0.015122308985738186
1207	54-55	0.12213153001820132
1207	56-57	0.03252674218531837
1207	58-59	0.10800308863021968
1207	60-61	0.09893374201969607
1207	62-63	0.22869819788855494
1207	64-65	0.1881486648313171
1207	66-67	0.13455508429146334
1207	68-69	0.12808581510357442
1207	70-71	0.04446724477022457
1207	72-73	0.08411411582869022
1207	74-75	0.01597433447643226
1207	76-77	0.1956380974395735
1207	78-79	0.2799292418854016
1207	80-81	0.16407059761575837
1207	82-83	0.05532255331420899
1207	84-85	0.042918813951132506
1207	86-87	0.07552811380621094
1207	88-89	0.041870074666320534
1207	90	0.2347093290264617
1208	1	-0.0059231277665716675
1208	2	-0.023723584097155026
1208	3	-0.26564736389542887
1208	4	-0.04609415094422786
1208	5	-0.29885939883568824
1208	6	-0.10658042856399419
1208	7	-0.1020598889321036
1208	8	0.0681113025792115
1208	9	-0.11841279509777536
1208	10-11	0.03704766742584553
1208	12-13	0.057322980089331566
1208	14-15	0.12557007215878713
1208	16-17	0.08414154437102184
1208	18-19	-0.022689563837936078
1208	20-21	-0.025167291169417183
1208	22-23	-0.02928277837897042
1208	24-25	-0.07752675885931382
1208	26-27	-0.07410353223437482
1208	28-29	0.05783119867907516
1208	30-31	-0.04453585827218376
1208	32-33	0.001130077892156578
1208	34-35	-0.0632212357780233
1208	36-37	-0.1902926219121781
1208	38-39	-0.1324601101590943
1208	40-41	-0.22923937955120977
1208	42-43	-0.12956837558282785
1208	44-45	-0.01175394033096211
1208	46-47	-0.15346226546851227
1208	48-49	-0.2356273793174921
1208	50-51	-0.10874027119517393
1208	52-53	-0.043635619193736375
1208	54-55	0.026127849892411348
1208	56-57	0.10501624161813083
1208	58-59	0.004413323562623361
1208	60-61	-0.12309973825588827
1208	62-63	-0.007251818754681949
1208	64-65	-0.06193906800972826
1208	66-67	-0.2624659956792783
1208	68-69	-0.01544032243963045
1208	70-71	-0.18651033175580523
1208	72-73	0.03466701065658384
1208	74-75	-0.12242004777487026
1208	76-77	-0.16760597559795087
1208	78-79	-0.264449888812166
1208	80-81	-0.16501966893878262
1208	82-83	-0.23646401033959563
1208	84-85	-0.010652829699694166
1208	86-87	-0.11630460197551784
1208	88-89	-0.23622633346083433
1208	90	-0.3250530231005868
1209	1	0.035231130857919624
1209	2	-0.01412045244820348
1209	3	0.06207650633701434
1209	4	-0.11866673641596748
1209	5	-0.08765672364690857
1209	6	-0.058649604902520025
1209	7	0.06005649409353708
1209	8	-0.015911088023550235
1209	9	-0.03700255796184848
1209	10-11	0.07476585696276317
1209	12-13	0.05661289314998186
1209	14-15	0.0037811685222877145
1209	16-17	0.031363784490835656
1209	18-19	-0.23427623185049384
1209	20-21	-0.0855412362853798
1209	22-23	0.053777795661218875
1209	24-25	0.026021009096261594
1209	26-27	0.058495248152155455
1209	28-29	0.021059702239980993
1209	30-31	0.191156270223928
1209	32-33	0.09286570397853922
1209	34-35	-0.048783517248430996
1209	36-37	-0.15019709530776026
1209	38-39	0.05263561689834262
1209	40-41	-0.23124203054245385
1209	42-43	-0.09869673066530993
1209	44-45	-0.2898176321315802
1209	46-47	-0.10919284157049702
1209	48-49	-0.03480128019061368
1209	50-51	-0.16847276663486355
1209	52-53	-0.06282487977979656
1209	54-55	-0.10012417611493873
1209	56-57	-0.23154760696538546
1209	58-59	0.018020414874705182
1209	60-61	0.13663699891297654
1209	62-63	-0.04934167397032496
1209	64-65	0.1766502330964883
1209	66-67	0.13498008961634866
1209	68-69	0.15729872852985238
1209	70-71	0.11645374205100012
1209	72-73	-0.1039883146643561
1209	74-75	0.009795455691531174
1209	76-77	-0.06332100585203904
1209	78-79	0.04697732955849432
1209	80-81	-0.042613119422593826
1209	82-83	-0.050764329059902025
1209	84-85	-0.008889469505653835
1209	86-87	-0.12667965674214798
1209	88-89	-0.5390521483739654
1209	90	-0.5755691896369584
1210	1	0.032045066917291365
1210	2	0.030050703502070064
1210	3	0.08225586877604485
1210	4	0.12210266107560841
1210	5	-0.00681924050076077
1210	6	0.17361866058453046
1210	7	-0.12982170552747618
1210	8	-0.018448849796875777
1210	9	0.0491399832120436
1210	10-11	0.14384407190348014
1210	12-13	0.19657591694689103
1210	14-15	0.08911672669495374
1210	16-17	-0.03666851223796641
1210	18-19	0.015169429756312525
1210	20-21	-0.07782589211856816
1210	22-23	-0.15861623940176628
1210	24-25	-0.07853843180404141
1210	26-27	-0.10836713648217255
1210	28-29	-0.18999568633657304
1210	30-31	-0.027623123376791625
1210	32-33	0.038068111261672755
1210	34-35	0.15845843925230696
1210	36-37	0.028627630700135853
1210	38-39	0.006826079161811549
1210	40-41	-0.004976653168441203
1210	42-43	-0.002184706000583958
1210	44-45	-0.036505876954429084
1210	46-47	-0.06343361514608858
1210	48-49	-0.11796779409542069
1210	50-51	-0.10332357792654534
1210	52-53	-0.033317512828418216
1210	54-55	0.0767999486814901
1210	56-57	0.08149211895112529
1210	58-59	0.022582336523107926
1210	60-61	-0.048348599691536265
1210	62-63	0.026076593214078514
1210	64-65	-0.0504117690674164
1210	66-67	-0.024000610163518843
1210	68-69	0.07111836682807393
1210	70-71	-0.09750851750140299
1210	72-73	-0.08610673426244375
1210	74-75	-0.3596762407136467
1210	76-77	-0.195568903091619
1210	78-79	0.11767438495403226
1210	80-81	0.009062430063110583
1210	82-83	-0.09833593781198147
1210	84-85	-0.14041072516458897
1210	86-87	-0.15228350129238066
1210	88-89	-0.19712250064889858
1210	90	-0.44248689060149005
1211	1	-0.08963008679936024
1211	2	-0.28855376007040334
1211	3	-0.09453107374359604
1211	4	-0.014396424300564092
1211	5	-0.07341383012565927
1211	6	-0.2061118181163124
1211	7	-0.1852555425327509
1211	8	-0.09727736801953313
1211	9	-0.10998062483717064
1211	10-11	-0.12766125407816986
1211	12-13	-0.27611495060569524
1211	14-15	-0.276054102832866
1211	16-17	-0.19835631196266945
1211	18-19	-0.23660222566512346
1211	20-21	-0.3901994211961508
1211	22-23	-0.16715012645330773
1211	24-25	-0.3482887555435852
1211	26-27	-0.32069417543414147
1211	28-29	-0.33696311636069254
1211	30-31	-0.2605883520587611
1211	32-33	-0.39049109382657576
1211	34-35	-0.26004805678866916
1211	36-37	-0.2713527237523792
1211	38-39	-0.3065357120264025
1211	40-41	-0.24904109576831246
1211	42-43	-0.29237867217207736
1211	44-45	-0.321081867059668
1211	46-47	-0.5006460550710514
1211	48-49	-0.38108182587350825
1211	50-51	-0.4238745553033709
1211	52-53	-0.3599813779445995
1211	54-55	-0.4616686787235693
1211	56-57	-0.25620508461577884
1211	58-59	-0.026213907491076327
1211	60-61	-0.139928856306625
1211	62-63	-0.40079747492345064
1211	64-65	-0.8038649185565916
1211	66-67	-0.5610448269566888
1211	68-69	-0.5174752895248957
1211	70-71	-0.5403255762550359
1211	72-73	-0.5429481552296664
1211	74-75	-0.41648175326294634
1211	76-77	-0.7523788825093298
1211	78-79	-0.8507306741430689
1211	80-81	-0.7769036234716573
1211	82-83	-0.8337871739202392
1211	84-85	-0.9192838687037188
1211	86-87	-0.9807769176487469
1211	88-89	-1.290307360480302
1211	90	-1.483427517680429
1212	1	-0.16103196676942133
1212	2	-0.10460203705663318
1212	3	-0.19358390254993907
1212	4	-0.1761404532134705
1212	5	-0.2104288737421527
1212	6	-0.11964791806355635
1212	7	-0.09072228374854063
1212	8	-0.06709741600906938
1212	9	-0.1459932865039022
1212	10-11	-0.2356279909121497
1212	12-13	-0.3034646064586468
1212	14-15	-0.18316025296055471
1212	16-17	-0.30089811001049327
1212	18-19	-0.29190473679053497
1212	20-21	-0.251656704721789
1212	22-23	-0.39542478156135985
1212	24-25	-0.3340766305604532
1212	26-27	-0.4068424978158802
1212	28-29	-0.1801504596015775
1212	30-31	-0.2596738691381688
1212	32-33	-0.30983992239454494
1212	34-35	-0.2590365606823397
1212	36-37	-0.26753310342711245
1212	38-39	-0.3698021556299267
1212	40-41	-0.5129663000919251
1212	42-43	-0.32571878269875043
1212	44-45	-0.41094911586387184
1212	46-47	-0.3971294804515182
1212	48-49	-0.3752556889262877
1212	50-51	-0.3735874593716062
1212	52-53	-0.45647751056259267
1212	54-55	-0.26380472153206114
1212	56-57	-0.21938240228444528
1212	58-59	-0.24500852523107852
1212	60-61	-0.2857713110995306
1212	62-63	-0.2244129556689174
1212	64-65	-0.2139012700194982
1212	66-67	-0.3945708136955943
1212	68-69	-0.36393917205042214
1212	70-71	-0.6035408403640119
1212	72-73	-0.5829875213751308
1212	74-75	-0.47181931883666905
1212	76-77	-0.43195107802200994
1212	78-79	-0.45533332320772857
1212	80-81	-0.2832355084720355
1212	82-83	-0.3897044524330866
1212	84-85	-0.7059621267079628
1212	86-87	-0.8717861527431623
1212	88-89	-1.0832905115597171
1212	90	-1.2802172313031122
1213	1	-0.4521827523090103
1213	2	-0.3831478901547385
1213	3	-0.38696249809396477
1213	4	-0.253770548295833
1213	5	-0.16755969832964723
1213	6	-0.5113949947567491
1213	7	-0.2962934827448578
1213	8	-0.3109665773248551
1213	9	-0.31267005581816676
1213	10-11	-0.35873797350270564
1213	12-13	-0.4437409549858913
1213	14-15	-0.5862541300512731
1213	16-17	-0.6306266777135008
1213	18-19	-0.638614739116484
1213	20-21	-0.6619110976114086
1213	22-23	-0.7388941247248013
1213	24-25	-0.7707555848659453
1213	26-27	-0.8084977167731466
1213	28-29	-0.7165048369848108
1213	30-31	-0.6774441913186493
1213	32-33	-0.7873827940368798
1213	34-35	-1.075380647461735
1213	36-37	-0.9049131051187089
1213	38-39	-1.0119198878909685
1213	40-41	-0.9661340087409727
1213	42-43	-0.9248091038924642
1213	44-45	-0.8367504261537704
1213	46-47	-1.033560332527621
1213	48-49	-0.9044559821380176
1213	50-51	-0.953465276071995
1213	52-53	-0.9040998348293812
1213	54-55	-0.9410995790494852
1213	56-57	-0.6642242371132099
1213	58-59	-0.8174490899455904
1213	60-61	-0.8283344996360782
1213	62-63	-0.9264899307952561
1213	64-65	-0.8842131422750512
1213	66-67	-0.83417959454097
1213	68-69	-1.2971572059812289
1213	70-71	-0.7554502407601333
1213	72-73	-1.0052920527649931
1213	74-75	-1.2688009472894883
1213	76-77	-1.6041241575204488
1213	78-79	-1.3912442707185981
1213	80-81	-1.1907265922981658
1213	82-83	-1.319868344395843
1213	84-85	-1.5912684131391686
1213	86-87	-1.8501099825393936
1213	88-89	-2.1513962475141
1213	90	-2.7400572688003813
1214	1	-0.5200651228609772
1214	2	-0.49919992638578137
1214	3	-0.5131134297130941
1214	4	-0.3896881585381351
1214	5	-0.4963533242867584
1214	6	-0.5284506716033945
1214	7	-0.4138766816851529
1214	8	-0.586435705525929
1214	9	-0.670993903968629
1214	10-11	-0.6269488185265928
1214	12-13	-0.7815716889554594
1214	14-15	-0.8858536340915393
1214	16-17	-0.9378117390447329
1214	18-19	-0.9231942324806255
1214	20-21	-1.0784136564925006
1214	22-23	-0.8583897766039996
1214	24-25	-0.7412419558585128
1214	26-27	-0.7712373647434134
1214	28-29	-0.704028173359049
1214	30-31	-0.744261067506649
1214	32-33	-0.8421208900146908
1214	34-35	-0.8231984669900001
1214	36-37	-0.9427969372832266
1214	38-39	-1.0844149876054274
1214	40-41	-1.0735508804099752
1214	42-43	-1.0042885226931801
1214	44-45	-1.1549433011103432
1214	46-47	-1.0337220278287091
1214	48-49	-0.9396254162185897
1214	50-51	-1.1169243975228156
1214	52-53	-0.9975821373139837
1214	54-55	-1.0429031877496797
1214	56-57	-1.048063109510899
1214	58-59	-0.907148675610209
1214	60-61	-1.163315442185528
1214	62-63	-1.2405502198415022
1214	64-65	-1.1337381181972788
1214	66-67	-1.26237911383285
1214	68-69	-1.3125821610031068
1214	70-71	-1.562040418723818
1214	72-73	-1.2457297880704914
1214	74-75	-1.251011463274022
1214	76-77	-1.4993223013431205
1214	78-79	-1.6998173343997145
1214	80-81	-1.6645642572768011
1214	82-83	-1.6591384489823433
1214	84-85	-1.8142066921362883
1214	86-87	-1.8869419126305331
1214	88-89	-2.1762275971967817
1214	90	-2.3305215532033507
1215	1	-0.681156016294107
1215	2	-0.7232043572160869
1215	3	-0.7724350616167683
1215	4	-0.7290431187280717
1215	5	-0.6306747356018576
1215	6	-0.6292062668766576
1215	7	-0.7558104105249726
1215	8	-0.87050366939458
1215	9	-0.9608296413644624
1215	10-11	-0.8525223841096832
1215	12-13	-0.8803347076518477
1215	14-15	-1.16863371363754
1215	16-17	-1.0954255389246654
1215	18-19	-1.3472207486388257
1215	20-21	-1.3681210554567542
1215	22-23	-1.3372925090434649
1215	24-25	-1.334259877532979
1215	26-27	-1.1655653795980214
1215	28-29	-1.049539231199489
1215	30-31	-0.9825219613174241
1215	32-33	-1.1530967332718731
1215	34-35	-1.1790346141511705
1215	36-37	-1.063940916679897
1215	38-39	-1.1573730256588988
1215	40-41	-1.0530774373329521
1215	42-43	-1.1454332679733739
1215	44-45	-1.3294113914733074
1215	46-47	-1.4166455252411154
1215	48-49	-1.4590114899855209
1215	50-51	-1.1605462730621525
1215	52-53	-1.154546965613136
1215	54-55	-1.1428681053430907
1215	56-57	-0.958507854896979
1215	58-59	-1.0213486590925314
1215	60-61	-0.9700771613505097
1215	62-63	-1.0585766915290407
1215	64-65	-1.2102815587931204
1215	66-67	-1.311326879870606
1215	68-69	-1.3378302878531798
1215	70-71	-1.1724976317760252
1215	72-73	-1.1018093767804515
1215	74-75	-1.3434034869324059
1215	76-77	-1.6787422522206938
1215	78-79	-1.5176883352612478
1215	80-81	-1.6456471989330623
1215	82-83	-1.804856127727028
1215	84-85	-1.9643788041642267
1215	86-87	-2.2854095808752035
1215	88-89	-2.214617332381085
1215	90	-2.110098686674263
1216	1	-1.2961679775130897
1216	2	-1.1236568440606476
1216	3	-1.2093233034492883
1216	4	-0.9478227620884923
1216	5	-1.1059934004533645
1216	6	-0.9369364269905205
1216	7	-0.7845474801471681
1216	8	-1.0672455577219608
1216	9	-1.0550249537180676
1216	10-11	-1.085846402655612
1216	12-13	-1.2523083861808786
1216	14-15	-1.4388687314266164
1216	16-17	-1.542869634585088
1216	18-19	-1.6763901275923487
1216	20-21	-1.568224006940838
1216	22-23	-1.552901458517404
1216	24-25	-1.5622497545587848
1216	26-27	-1.434748070822053
1216	28-29	-1.3257253933359863
1216	30-31	-1.565116154049882
1216	32-33	-1.8206144945075238
1216	34-35	-1.657506592527831
1216	36-37	-1.6930930238993511
1216	38-39	-1.5301223028123871
1216	40-41	-1.334324136082678
1216	42-43	-1.821524571356541
1216	44-45	-1.7509143473567903
1216	46-47	-2.0810909002590776
1216	48-49	-1.8102266352323895
1216	50-51	-1.6402986952463436
1216	52-53	-1.7640211092026163
1216	54-55	-1.728236909821355
1216	56-57	-1.7951195588866184
1216	58-59	-1.3404894337732571
1216	60-61	-1.6824786194542014
1216	62-63	-1.623950612351173
1216	64-65	-1.7665918927486217
1216	66-67	-1.7378638944730938
1216	68-69	-1.901012789522646
1216	70-71	-2.0224808081293943
1216	72-73	-2.0430014305878785
1216	74-75	-2.0634334300361665
1216	76-77	-2.205354980022239
1216	78-79	-2.4278057966313575
1216	80-81	-2.6764388173624383
1216	82-83	-2.736696053512887
1216	84-85	-2.7875804731134224
1216	86-87	-3.071163088788836
1216	88-89	-3.34283470204263
1216	90	-3.532497410086723
1301	1	0.444636626945627
1301	2	0.5425089879345322
1301	3	0.5085934319391399
1301	4	0.4720087867035403
1301	5	0.4881193981499763
1301	6	0.5028877258038804
1301	7	0.5515797437234937
1301	8	0.4619915666268781
1301	9	0.6038550473327504
1301	10-11	0.7352818926919227
1301	12-13	0.6668698424257897
1301	14-15	0.7949558605514895
1301	16-17	0.8341877413865575
1301	18-19	0.8956308091612826
1301	20-21	0.6386235195153205
1301	22-23	0.6418049584056362
1301	24-25	0.651813159724874
1301	26-27	0.6622933606413994
1301	28-29	0.6247648536820662
1301	30-31	0.7826553170386177
1301	32-33	0.9214180976688837
1301	34-35	0.8571634778655053
1301	36-37	0.5862077375960411
1301	38-39	0.7612523029842322
1301	40-41	0.6836294309925748
1301	42-43	0.659002461798643
1301	44-45	0.5143691872478868
1301	46-47	0.5122031162813911
1301	48-49	0.6610113342219961
1301	50-51	0.7513713902949064
1301	52-53	0.6623717127602973
1301	54-55	0.6402629515698948
1301	56-57	0.45210003010480904
1301	58-59	0.49412093263581625
1301	60-61	0.5961783025459937
1301	62-63	0.6550123929365057
1301	64-65	0.7477695520492418
1301	66-67	0.5494608676807502
1301	68-69	0.549318192493601
1301	70-71	0.7719797358334191
1301	72-73	0.7542066597564272
1301	74-75	0.6845795709031073
1301	76-77	0.6445415427466159
1301	78-79	0.6200916564103593
1301	80-81	0.6605617422631056
1301	82-83	0.7406591856171332
1301	84-85	0.7695706631764239
1301	86-87	0.6651403064316881
1301	88-89	0.6754558797338319
1301	90	0.6206247400787248
1302	1	0.5496342447271267
1302	2	0.5846676774991835
1302	3	0.5343780732385142
1302	4	0.5196653291977071
1302	5	0.5437204395636925
1302	6	0.4493318881390067
1302	7	0.41347771099949426
1302	8	0.49494192119320957
1302	9	0.5976862387186515
1302	10-11	0.5412287092795438
1302	12-13	0.5812868443961108
1302	14-15	0.7066632810852909
1302	16-17	0.6846647691155852
1302	18-19	0.7443763482650141
1302	20-21	0.7530241072316812
1302	22-23	0.9029668047940476
1302	24-25	0.8677071986457108
1302	26-27	0.7303692350692899
1302	28-29	0.8164617617161412
1302	30-31	0.8220973553569877
1302	32-33	0.8342143303824301
1302	34-35	0.7489188501524637
1302	36-37	0.7893277983349236
1302	38-39	0.9111492374532375
1302	40-41	0.6802161268401363
1302	42-43	0.7424706030841861
1302	44-45	0.7167759963968408
1302	46-47	0.7189740882572835
1302	48-49	0.6329053362568686
1302	50-51	0.6336647136280504
1302	52-53	0.5131448733033821
1302	54-55	0.7118857802929952
1302	56-57	0.6716125820909653
1302	58-59	0.5845484716965217
1302	60-61	0.7024080959538566
1302	62-63	0.5910892632854186
1302	64-65	0.6443889534515179
1302	66-67	0.7282975458537919
1302	68-69	0.6731060736101355
1302	70-71	0.6579071258133453
1302	72-73	0.6113831621678472
1302	74-75	0.7637385709246267
1302	76-77	0.9073378061984698
1302	78-79	0.8360474178442381
1302	80-81	0.7929000972105875
1302	82-83	0.8122188163886364
1302	84-85	0.7272578517589885
1302	86-87	0.8720918966778086
1302	88-89	0.8226095435858944
1302	90	0.8088129937434978
1303	1	0.5479019622276731
1303	2	0.5680688737828632
1303	3	0.5923975863902768
1303	4	0.3534936821013872
1303	5	0.41920937148829296
1303	6	0.339008180640171
1303	7	0.34775577341216035
1303	8	0.32429046138392437
1303	9	0.4455809755607518
1303	10-11	0.434075766372672
1303	12-13	0.3230489727024377
1303	14-15	0.5092002359549994
1303	16-17	0.5896068547675384
1303	18-19	0.6688472133644154
1303	20-21	0.6264362122497005
1303	22-23	0.6052870558174988
1303	24-25	0.6816549960619369
1303	26-27	0.4634063370230592
1303	28-29	0.6519437684329716
1303	30-31	0.813332616308621
1303	32-33	0.6180276684551416
1303	34-35	0.6181451880045401
1303	36-37	0.474953457148942
1303	38-39	0.4668467836008645
1303	40-41	0.48901046655527836
1303	42-43	0.5179707501682458
1303	44-45	0.5224601824091408
1303	46-47	0.539752285497002
1303	48-49	0.5966876641072361
1303	50-51	0.5459536480040441
1303	52-53	0.5943642001486751
1303	54-55	0.6738309056821592
1303	56-57	0.6229724354971822
1303	58-59	0.40037336812482494
1303	60-61	0.41816588528045884
1303	62-63	0.5119250684480718
1303	64-65	0.4190270653824868
1303	66-67	0.4795039415589315
1303	68-69	0.5891842610442524
1303	70-71	0.6483506455348689
1303	72-73	0.7308904305717405
1303	74-75	0.713629422296183
1303	76-77	0.744183772418161
1303	78-79	0.6699488224969983
1303	80-81	0.6729200148435162
1303	82-83	0.7478062333474256
1303	84-85	0.7682452760719833
1303	86-87	0.6915058279895554
1303	88-89	0.46601398797586313
1303	90	0.4820264127124396
1304	1	0.50429325880528
1304	2	0.5126247669112658
1304	3	0.4890779545432551
1304	4	0.43816886751824313
1304	5	0.4549255720065659
1304	6	0.3399844115400015
1304	7	0.22275577341216035
1304	8	0.33726293926794426
1304	9	0.45194769882051844
1304	10-11	0.4741124029556403
1304	12-13	0.46562447980635824
1304	14-15	0.573533182072417
1304	16-17	0.5346754366637043
1304	18-19	0.6977901139094982
1304	20-21	0.6040074748714517
1304	22-23	0.6729083586501332
1304	24-25	0.5089190922106255
1304	26-27	0.5680674486306003
1304	28-29	0.5889232608822681
1304	30-31	0.43761999009112884
1304	32-33	0.6281284190583065
1304	34-35	0.6436076131676245
1304	36-37	0.4872658063581241
1304	38-39	0.3793791757016578
1304	40-41	0.5110985283906828
1304	42-43	0.58813762533579
1304	44-45	0.5356560540917457
1304	46-47	0.7980960438742741
1304	48-49	0.6834370609439802
1304	50-51	0.7898069676358901
1304	52-53	0.5665114613407027
1304	54-55	0.6037913649798057
1304	56-57	0.701567958685466
1304	58-59	0.5114559344727851
1304	60-61	0.6202646700181873
1304	62-63	0.491549320078839
1304	64-65	0.6041948341252308
1304	66-67	0.6785176579381726
1304	68-69	0.5463674886378556
1304	70-71	0.5677468120972762
1304	72-73	0.5587431693797029
1304	74-75	0.3937149821210433
1304	76-77	0.31226861738286615
1304	78-79	0.4951029642180238
1304	80-81	0.5192708771435761
1304	82-83	0.42997382337512846
1304	84-85	0.5463437480584012
1304	86-87	0.6206196247905567
1304	88-89	0.604646594534703
1304	90	0.7275875779344929
1305	1	0.35704135621649513
1305	2	0.4010274031831642
1305	3	0.3144924198273671
1305	4	0.26442151042692075
1305	5	0.25375150130795987
1305	6	0.24386201050433698
1305	7	0.29742478155568364
1305	8	0.2274776653579167
1305	9	0.5015396898144928
1305	10-11	0.2925738593920144
1305	12-13	0.3910754334750024
1305	14-15	0.4624701482492952
1305	16-17	0.4620099018589485
1305	18-19	0.3938759154848839
1305	20-21	0.5315266590422638
1305	22-23	0.49721734251249927
1305	24-25	0.3621178794855666
1305	26-27	0.4852076589969556
1305	28-29	0.4198326991555277
1305	30-31	0.434259837517466
1305	32-33	0.47858752291023876
1305	34-35	0.5349813036539288
1305	36-37	0.3817472853095438
1305	38-39	0.6159290406613138
1305	40-41	0.5179221895252297
1305	42-43	0.5059902200375817
1305	44-45	0.6419739317895719
1305	46-47	0.724031565510991
1305	48-49	0.6053655248274197
1305	50-51	0.5532335546168099
1305	52-53	0.45319009086585993
1305	54-55	0.569789966536085
1305	56-57	0.6728085026678485
1305	58-59	0.5908298337815054
1305	60-61	0.41394534833558794
1305	62-63	0.2546001377907601
1305	64-65	0.5417332177397824
1305	66-67	0.36073781785393066
1305	68-69	0.4091194015011581
1305	70-71	0.47816355165740987
1305	72-73	0.2728875001010991
1305	74-75	0.5110427994325342
1305	76-77	0.5098046239763221
1305	78-79	0.538231235051807
1305	80-81	0.5860676135158336
1305	82-83	0.7729726354199613
1305	84-85	0.7804261207253234
1305	86-87	0.8208327236207609
1305	88-89	0.9262814296677426
1305	90	0.887102021392213
1306	1	0.2041554558862977
1306	2	0.1805799869445721
1306	3	0.21574037219595255
1306	4	0.29765459181016496
1306	5	0.3445165028995447
1306	6	0.1970993165517001
1306	7	0.2346745838912767
1306	8	0.2693646023653642
1306	9	0.19239475889801838
1306	10-11	0.36825789978030343
1306	12-13	0.38523110522279325
1306	14-15	0.3801318427629141
1306	16-17	0.4778651228711226
1306	18-19	0.3978160539222628
1306	20-21	0.3343898643762344
1306	22-23	0.41854423700507226
1306	24-25	0.351507916361264
1306	26-27	0.38413367016592304
1306	28-29	0.4362008103178425
1306	30-31	0.2996614310289303
1306	32-33	0.3260714902470525
1306	34-35	0.2832716872831824
1306	36-37	0.32638590154763847
1306	38-39	0.5137940136064856
1306	40-41	0.4930117593198773
1306	42-43	0.52140196657367
1306	44-45	0.6214811150806838
1306	46-47	0.41440491601121465
1306	48-49	0.6322789508560902
1306	50-51	0.577234980021835
1306	52-53	0.5600482651613348
1306	54-55	0.5116578234012863
1306	56-57	0.5323199797768083
1306	58-59	0.6065296160729972
1306	60-61	0.6074863586967041
1306	62-63	0.5700100821387721
1306	64-65	0.513617040733898
1306	66-67	0.7570325296683365
1306	68-69	0.6636988975884108
1306	70-71	0.7556113997924712
1306	72-73	0.7014820323044191
1306	74-75	0.8111622782145993
1306	76-77	0.8619350407826083
1306	78-79	0.9747240660105483
1306	80-81	0.9307887322471267
1306	82-83	0.9529584148987809
1306	84-85	1.1061022503462326
1306	86-87	1.0912703221255313
1306	88-89	1.2806958055123907
1306	90	1.1531861831557784
1307	1	0.1999653668397947
1307	2	0.13111537254707883
1307	3	0.23235768138964374
1307	4	0.033446797018136465
1307	5	0.09296689483205967
1307	6	0.1567556991988539
1307	7	0.09101834743835724
1307	8	0.21269068351737275
1307	9	0.20503964600866453
1307	10-11	0.12865083738074645
1307	12-13	0.3628730329155232
1307	14-15	0.4081490530724494
1307	16-17	0.44521116968779495
1307	18-19	0.34127325302358
1307	20-21	0.23829401172377374
1307	22-23	0.30385877287393015
1307	24-25	0.41941554191317465
1307	26-27	0.3498806160771011
1307	28-29	0.3242185180938435
1307	30-31	0.34280700291740374
1307	32-33	0.4992180469160914
1307	34-35	0.41947689118860154
1307	36-37	0.340849333193205
1307	38-39	0.3667600813167482
1307	40-41	0.25711275110559484
1307	42-43	0.4180556415818657
1307	44-45	0.3675382364147879
1307	46-47	0.47413698462910503
1307	48-49	0.4381331667829329
1307	50-51	0.4801962761148957
1307	52-53	0.43983351193008957
1307	54-55	0.3712583172128987
1307	56-57	0.14260342399102655
1307	58-59	0.3089278105742679
1307	60-61	0.28754785164436214
1307	62-63	0.3797107799116475
1307	64-65	0.4248890726610881
1307	66-67	0.5916399017153964
1307	68-69	0.5896515205057824
1307	70-71	0.5638704092656539
1307	72-73	0.6313298684775361
1307	74-75	0.5833571002992706
1307	76-77	0.8148048131967727
1307	78-79	0.8009526812973924
1307	80-81	0.6706561523555337
1307	82-83	0.7581913561134712
1307	84-85	0.7587782646448389
1307	86-87	0.8513752367897283
1307	88-89	1.0786388831648743
1307	90	1.1596610646521555
1308	1	-0.07266910544250038
1308	2	-0.05396155153319171
1308	3	-0.02661843344137793
1308	4	-0.03743703600692072
1308	5	-0.11183853367472807
1308	6	-0.0060481329833876885
1308	7	0.005231906765487793
1308	8	0.0650438073619597
1308	9	0.083586840174803
1308	10-11	-0.06245023023027585
1308	12-13	0.01837671544861763
1308	14-15	-0.053270662388477774
1308	16-17	0.0360839759330247
1308	18-19	0.1650801107976818
1308	20-21	0.17150508726624736
1308	22-23	-0.023044563203555413
1308	24-25	-0.05654030882696759
1308	26-27	0.09474375708393268
1308	28-29	0.056527986325136226
1308	30-31	0.11922073090710938
1308	32-33	0.37243506227081724
1308	34-35	0.07480443621503952
1308	36-37	0.13317543691216827
1308	38-39	0.1025495069459339
1308	40-41	0.18175895853045887
1308	42-43	0.23840933131396724
1308	44-45	0.2575615592079643
1308	46-47	0.308740705339531
1308	48-49	0.30484403087010037
1308	50-51	0.24377393941082204
1308	52-53	0.3046954087870546
1308	54-55	0.03561979492180001
1308	56-57	0.24675241294367112
1308	58-59	-0.04743689389749761
1308	60-61	0.11800443959346296
1308	62-63	0.21408052018031043
1308	64-65	0.16014251050301453
1308	66-67	0.1466446199530793
1308	68-69	0.18994981546862277
1308	70-71	0.05456115825892027
1308	72-73	0.11084428882661257
1308	74-75	0.21797170732098792
1308	76-77	0.31853094169839125
1308	78-79	0.3986959539834345
1308	80-81	0.22796681206098413
1308	82-83	0.13758116080702365
1308	84-85	0.25230918703648086
1308	86-87	0.4139256236049498
1308	88-89	0.30374572704262803
1308	90	0.5302602983963105
1309	1	0.021470466133553856
1309	2	0.15836139988721953
1309	3	0.17688318720093577
1309	4	0.17472061490689583
1309	5	0.15822723392611948
1309	6	0.05403953423358843
1309	7	0.06837198583276205
1309	8	0.150611815948551
1309	9	0.11773588190822437
1309	10-11	0.00928979676194075
1309	12-13	0.06656967054335183
1309	14-15	-0.1705425322200611
1309	16-17	0.20929503992907428
1309	18-19	0.29423623255903664
1309	20-21	0.3283450169541098
1309	22-23	0.2903031236746543
1309	24-25	0.3788455598163907
1309	26-27	0.1888149199833009
1309	28-29	0.3643101632768264
1309	30-31	0.35824182582505415
1309	32-33	0.37817348458109734
1309	34-35	0.3028325072465279
1309	36-37	0.269576838008291
1309	38-39	0.16294361360473886
1309	40-41	0.37168776734436193
1309	42-43	0.25437404049065293
1309	44-45	0.36084338812498373
1309	46-47	0.3860897036214084
1309	48-49	0.24839489004477144
1309	50-51	0.2795792273966171
1309	52-53	0.30895496613724305
1309	54-55	0.20269003840463284
1309	56-57	0.26147191723466534
1309	58-59	0.3466709926260094
1309	60-61	0.3883887274218125
1309	62-63	0.40132361318753595
1309	64-65	0.39551127943264675
1309	66-67	0.49170765955535956
1309	68-69	0.5339020120943161
1309	70-71	0.6524727341758094
1309	72-73	0.5701641582716235
1309	74-75	0.6392702994576531
1309	76-77	0.7687620824869796
1309	78-79	0.751342682246392
1309	80-81	0.7141728629238386
1309	82-83	0.8600749060538995
1309	84-85	0.9302306770550501
1309	86-87	1.0892416417347732
1309	88-89	1.1251523292607573
1309	90	1.0319200313795172
1310	1	0.1253283818952653
1310	2	-0.002135419845949116
1310	3	0.06159599359249768
1310	4	0.05200216548089287
1310	5	0.029129731599091713
1310	6	0.1464917332717519
1310	7	0.04773932604373954
1310	8	0.08825773977727636
1310	9	0.17799873871864946
1310	10-11	0.11017644158042827
1310	12-13	0.2645625634226576
1310	14-15	0.11489751781095947
1310	16-17	0.15263490185894568
1310	18-19	0.1797704301234191
1310	20-21	0.14580342139096558
1310	22-23	0.09882410567900024
1310	24-25	0.19531366988464782
1310	26-27	0.1910149762197335
1310	28-29	0.13171480375153521
1310	30-31	0.055861182790614805
1310	32-33	0.10329342330278024
1310	34-35	0.17081182581618037
1310	36-37	-0.006954004762420141
1310	38-39	0.05536522196651106
1310	40-41	0.029423814893227984
1310	42-43	0.18597585750895718
1310	44-45	0.23689491232604354
1310	46-47	0.32055041569091003
1310	48-49	0.31710057961970506
1310	50-51	0.04159336407052194
1310	52-53	0.01623530471930934
1310	54-55	0.15854783781511372
1310	56-57	0.30082994934760166
1310	58-59	0.25865245399740644
1310	60-61	0.1559506844494294
1310	62-63	0.08086940709072366
1310	64-65	0.3780103583187753
1310	66-67	0.408647379924588
1310	68-69	0.24351121741544546
1310	70-71	0.23126442669829572
1310	72-73	0.39628083915899737
1310	74-75	0.36196174570338613
1310	76-77	0.27220229734891177
1310	78-79	0.41682728510087586
1310	80-81	0.47924965473271186
1310	82-83	0.4162896128488107
1310	84-85	0.6295117234404053
1310	86-87	0.7196057241114389
1310	88-89	0.5325500856212919
1310	90	0.5041559140974812
1311	1	0.010099604636700121
1311	2	-5.208651261767727E-5
1311	3	-0.1035305640399038
1311	4	-0.1841319856094472
1311	5	0.11594826742463482
1311	6	-0.006044286977470392
1311	7	0.040086483364618175
1311	8	0.11168550457478688
1311	9	-0.1461143843343109
1311	10-11	-0.07231138941645554
1311	12-13	-0.009402097792296615
1311	14-15	0.09001287996049001
1311	16-17	-0.24141688941830353
1311	18-19	0.0077703327713933845
1311	20-21	0.022348398026480254
1311	22-23	0.05523571004036398
1311	24-25	-0.035409168900393695
1311	26-27	-0.006681188110491121
1311	28-29	0.005262798299824567
1311	30-31	-0.19753542935891488
1311	32-33	-0.037612924049234664
1311	34-35	0.08122800572272126
1311	36-37	0.01419036829054221
1311	38-39	0.03434059190421124
1311	40-41	-0.09458854881393108
1311	42-43	-0.10045278345676678
1311	44-45	0.002787630394578855
1311	46-47	0.20787712908654754
1311	48-49	-0.03093388299711819
1311	50-51	0.1595032160954446
1311	52-53	0.05400253602772409
1311	54-55	-0.016087092091417787
1311	56-57	0.09925187302361138
1311	58-59	-0.007278231360849929
1311	60-61	-0.056246550753058955
1311	62-63	-0.20061861861020702
1311	64-65	0.007646748505699463
1311	66-67	0.11783108319561109
1311	68-69	0.008874827228531501
1311	70-71	-0.03686446738269922
1311	72-73	-0.058605258971844876
1311	74-75	0.030289724675352403
1311	76-77	0.07309112133645002
1311	78-79	0.0074873318298500635
1311	80-81	-0.023546295423052754
1311	82-83	0.06407777484258048
1311	84-85	0.1664908901070703
1311	86-87	0.21277063844165767
1311	88-89	0.22312397580821042
1311	90	0.15115357764888415
1312	1	-0.16833000163887135
1312	2	-0.14830664320090747
1312	3	-0.13825205243778171
1312	4	-0.1832358056343395
1312	5	-0.24209555415932726
1312	6	-0.30203168733374497
1312	7	-0.22192172199456195
1312	8	-0.1411980642078916
1312	9	-0.43991647984792337
1312	10-11	-0.27291221110724706
1312	12-13	-0.38555429825482435
1312	14-15	-0.3926109294395772
1312	16-17	-0.285286977968056
1312	18-19	-0.3527118547854471
1312	20-21	-0.36194304524480003
1312	22-23	-0.1900697389302053
1312	24-25	-0.15292394403255827
1312	26-27	-0.09830765082691784
1312	28-29	-0.24583245258148878
1312	30-31	-0.1555974401627367
1312	32-33	-0.2814129985384284
1312	34-35	-0.26953016715570755
1312	36-37	-0.18428433570156244
1312	38-39	-0.35540386399270574
1312	40-41	-0.2614612156134086
1312	42-43	-0.2256901816476642
1312	44-45	-0.21117187405022975
1312	46-47	-0.2210994530146806
1312	48-49	-0.4387552475350702
1312	50-51	-0.25994654556802743
1312	52-53	-0.24621097076725107
1312	54-55	-0.25301813762509795
1312	56-57	-0.277650993655179
1312	58-59	-0.150834339329748
1312	60-61	-0.23980667189904636
1312	62-63	-0.3770494317260855
1312	64-65	-0.5525143848848089
1312	66-67	-0.1396458410361774
1312	68-69	0.022619525648380545
1312	70-71	-0.08360022421303626
1312	72-73	-0.1173219373315817
1312	74-75	-0.10784628449432532
1312	76-77	-0.1069430339763926
1312	78-79	-0.17925878996863176
1312	80-81	-0.35732973976836746
1312	82-83	-0.2886594140279257
1312	84-85	-0.12180073794359458
1312	86-87	-0.163613402394585
1312	88-89	-0.06785272755448801
1312	90	-0.29683535868596067
1313	1	-0.20122324688105309
1313	2	-0.23753555716666952
1313	3	-0.2713710875793076
1313	4	-0.3744329314065027
1313	5	-0.432330826838502
1313	6	-0.2887944469235464
1313	7	-0.3404679710267473
1313	8	-0.4091288752669655
1313	9	-0.27876173198626475
1313	10-11	-0.27316250219436
1313	12-13	-0.3651702810234738
1313	14-15	-0.5686006798545904
1313	16-17	-0.40860346402448045
1313	18-19	-0.3066886502092032
1313	20-21	-0.5028806837356683
1313	22-23	-0.42385650921266915
1313	24-25	-0.5317923436185552
1313	26-27	-0.27235276676165654
1313	28-29	-0.30962307197320627
1313	30-31	-0.2421565353967523
1313	32-33	-0.38328948408202024
1313	34-35	-0.379430249633927
1313	36-37	-0.428841258729463
1313	38-39	-0.21854865696238335
1313	40-41	-0.3860212854271836
1313	42-43	-0.2173829214809686
1313	44-45	-0.2490158864228178
1313	46-47	-0.18953369325019054
1313	48-49	-0.26909649468606744
1313	50-51	-0.36308231108968414
1313	52-53	-0.39636992681867866
1313	54-55	-0.3083583454317491
1313	56-57	-0.3136971524223142
1313	58-59	-0.5338586079494974
1313	60-61	-0.42634381127837173
1313	62-63	-0.2946537943892835
1313	64-65	-0.2332430270184247
1313	66-67	-0.24786968026766232
1313	68-69	-0.15174592516923724
1313	70-71	-0.07953565721991396
1313	72-73	-0.3637953547683779
1313	74-75	-0.2573355822642647
1313	76-77	-0.0609929841585668
1313	78-79	-0.0926190453843212
1313	80-81	-0.1882533968388458
1313	82-83	-0.2197555504102695
1313	84-85	-0.2106426670081767
1313	86-87	-0.1285001082047046
1313	88-89	-0.20258423120812452
1313	90	-0.3757216415936995
1314	1	-0.2842103177356172
1314	2	-0.21086927096867925
1314	3	-0.3946903413813594
1314	4	-0.3381707620798551
1314	5	-0.2963066725842367
1314	6	-0.319754710130276
1314	7	-0.21103787712451094
1314	8	-0.358516810361138
1314	9	-0.38710613285932993
1314	10-11	-0.43533517984374726
1314	12-13	-0.5792471778108066
1314	14-15	-0.7756396726688948
1314	16-17	-0.9943112301004504
1314	18-19	-0.5688341819190299
1314	20-21	-0.5227546184429315
1314	22-23	-0.5275787319094363
1314	24-25	-0.5055517849753883
1314	26-27	-0.4252519897138285
1314	28-29	-0.4074718407424669
1314	30-31	-0.53197515602821
1314	32-33	-0.45669667589746155
1314	34-35	-0.556280366970654
1314	36-37	-0.6932952747562666
1314	38-39	-0.5476935964739695
1314	40-41	-0.6503074697114997
1314	42-43	-0.4575409930754759
1314	44-45	-0.5409489241858054
1314	46-47	-0.4659381647458787
1314	48-49	-0.7104208560923837
1314	50-51	-0.5367510876366453
1314	52-53	-0.4734640666279688
1314	54-55	-0.61036893779238
1314	56-57	-0.562053682611797
1314	58-59	-0.6191393792846611
1314	60-61	-0.8573624307458942
1314	62-63	-0.5504411031368974
1314	64-65	-0.5602002403431712
1314	66-67	-0.5782346852092175
1314	68-69	-0.5553144804467536
1314	70-71	-0.6578429633355327
1314	72-73	-0.6796928035663186
1314	74-75	-0.7004198772587777
1314	76-77	-0.6988832340260487
1314	78-79	-0.688433980663504
1314	80-81	-0.6829073738738671
1314	82-83	-0.879822352700252
1314	84-85	-0.7481302521055824
1314	86-87	-0.5942353055717362
1314	88-89	-0.6526128930775705
1314	90	-0.7820948548966733
1315	1	-0.7327410199452267
1315	2	-0.6389068922385874
1315	3	-0.7612069205179353
1315	4	-0.6804959173411973
1315	5	-0.768377937112561
1315	6	-0.6169572697957335
1315	7	-0.5818293089255846
1315	8	-0.7325340547012473
1315	9	-0.9350131477844172
1315	10-11	-0.5949510507508577
1315	12-13	-0.7644433798288759
1315	14-15	-0.9042062015141923
1315	16-17	-0.880628134950868
1315	18-19	-0.8655430284655381
1315	20-21	-0.9683817779955319
1315	22-23	-1.1223453728486135
1315	24-25	-0.994018193612284
1315	26-27	-0.9921531602833369
1315	28-29	-1.06674090943865
1315	30-31	-1.048408372424113
1315	32-33	-0.7928281257769711
1315	34-35	-1.0155023996439425
1315	36-37	-0.8654691504679448
1315	38-39	-0.7530502304874744
1315	40-41	-0.8466430946159704
1315	42-43	-0.7873724937180313
1315	44-45	-0.8077082318457371
1315	46-47	-0.8139856272538779
1315	48-49	-0.8521152946134265
1315	50-51	-0.6736079396104557
1315	52-53	-0.6055754698205646
1315	54-55	-0.736074478135798
1315	56-57	-0.6594135322474912
1315	58-59	-0.7300975460025896
1315	60-61	-1.0668771529738876
1315	62-63	-1.1800077018049748
1315	64-65	-1.2189844653008564
1315	66-67	-0.8811139314251051
1315	68-69	-1.0555982534434492
1315	70-71	-1.1732332726882007
1315	72-73	-1.2249173970373235
1315	74-75	-1.2165668202475324
1315	76-77	-1.1521477793382076
1315	78-79	-1.2989357517089388
1315	80-81	-1.3636491182734218
1315	82-83	-1.3194772583168337
1315	84-85	-1.4803905004859743
1315	86-87	-1.5399475734345742
1315	88-89	-1.5729857656057042
1315	90	-1.5724775214853395
1316	1	-1.0171733903164544
1316	2	-0.9520999756115458
1316	3	-0.854678029721935
1316	4	-0.8367893830383295
1316	5	-0.9055859268760145
1316	6	-1.1733993741636581
1316	7	-1.0502850517130327
1316	8	-0.7827341080488068
1316	9	-0.8211669433859541
1316	10-11	-0.9428344476760273
1316	12-13	-1.3592846128533367
1316	14-15	-1.1789943575828659
1316	16-17	-1.0269630029929715
1316	18-19	-1.3377428614644842
1316	20-21	-1.146019002994663
1316	22-23	-1.524714410389052
1316	24-25	-1.3739324509408064
1316	26-27	-1.1446900686762973
1316	28-29	-1.3053146740367438
1316	30-31	-1.3779610840650847
1316	32-33	-1.2078268114168154
1316	34-35	-1.3385244808945984
1316	36-37	-1.5508326870245526
1316	38-39	-1.5759921937549706
1316	40-41	-1.5938883503556625
1316	42-43	-1.6159354728313033
1316	44-45	-1.6255627515050932
1316	46-47	-1.8977321142397798
1316	48-49	-1.4199833444508698
1316	50-51	-1.223080745885369
1316	52-53	-1.0947934641842778
1316	54-55	-1.1283761933758072
1316	56-57	-1.4923110005578835
1316	58-59	-1.8552865819194224
1316	60-61	-1.8347871463634249
1316	62-63	-1.588412551793958
1316	64-65	-1.726131202015189
1316	66-67	-1.8655955903022559
1316	68-69	-1.9040075877200309
1316	70-71	-1.9489486325329537
1316	72-73	-2.2238264781062824
1316	74-75	-2.508348686716271
1316	76-77	-2.4416030350392433
1316	78-79	-2.4903084269344085
1316	80-81	-2.598653621889845
1316	82-83	-2.571530172910485
1316	84-85	-2.8857775408948214
1316	86-87	-2.6795922516289536
1316	88-89	-2.6307862998544493
1316	90	-2.834609838895588
2101	1	0.5788243407778744
2101	2	0.6113101231546807
2101	3	0.6512001210250133
2101	4	0.5758524087326151
2101	5	0.5850109305946987
2101	6	0.46849326340358033
2101	7	0.5095697952841718
2101	8	0.5492482058789747
2101	9	0.6440892519013204
2101	10-11	0.5481551962885263
2101	12-13	0.7604185544772761
2101	14-15	0.8224717684387102
2101	16-17	0.7686640135978067
2101	18-19	0.8984045912973002
2101	20-21	0.8298608209515521
2101	22-23	0.7690332236953168
2101	24-25	0.73667225039312
2101	26-27	0.6517640542172245
2101	28-29	0.6641301560741937
2101	30-31	0.6782919345169134
2101	32-33	0.6557834185946874
2101	34-35	0.6532003027464981
2101	36-37	0.77844373142716
2101	38-39	0.8164715268943183
2101	40-41	0.8570168979126933
2101	42-43	0.7917543611185067
2101	44-45	0.6485013545733764
2101	46-47	0.832651404391477
2101	48-49	0.7619426621683516
2101	50-51	0.8730789651376938
2101	52-53	0.6927808359496908
2101	54-55	0.38720740310073865
2101	56-57	0.18208916937270914
2101	58-59	0.22324520352659505
2101	60-61	0.4822891574563357
2101	62-63	0.6428930064315992
2101	64-65	0.4417310307920914
2101	66-67	0.6277397959635067
2101	68-69	0.6024113861222915
2101	70-71	0.6192968341057039
2101	72-73	0.5269958815318816
2101	74-75	0.5063541068145021
2101	76-77	0.3334721105943572
2101	78-79	-2.5959869804358426
2101	80-81	-2.553027495298675
2101	82-83	-0.6688516300890441
2101	84-85	-0.1372128135966335
2101	86-87	0.09745157313843222
2101	88-89	0.2316903673224857
2101	90	0.2551893415927715
2102	1	0.5112044877524973
2102	2	0.4571575941869952
2102	3	0.501425539047041
2102	4	0.4214570541325102
2102	5	0.39958809035443466
2102	6	0.52416199715217
2102	7	0.4731170334873056
2102	8	0.4755623081116269
2102	9	0.5581255309700239
2102	10-11	0.5617535274559629
2102	12-13	0.5492705599144259
2102	14-15	0.740412599415599
2102	16-17	0.6098134406020819
2102	18-19	0.6307349092265255
2102	20-21	0.6989556864916437
2102	22-23	0.7028002344160313
2102	24-25	0.6304453240945307
2102	26-27	0.7410709364088746
2102	28-29	0.5082842630254873
2102	30-31	-0.36532380043085766
2102	32-33	0.13257556942846804
2102	34-35	0.5301468814903743
2102	36-37	0.5828302577452078
2102	38-39	0.49337172364436555
2102	40-41	0.785426998999391
2102	42-43	0.7679769824326925
2102	44-45	0.7165538125700905
2102	46-47	0.6300337134334413
2102	48-49	0.8177147117124406
2102	50-51	0.7327852112334341
2102	52-53	0.5492480983434689
2102	54-55	0.26153460566136744
2102	56-57	0.2531753200004374
2102	58-59	0.18633015381436735
2102	60-61	0.1609249446690768
2102	62-63	0.458661601264005
2102	64-65	0.6083751958721635
2102	66-67	0.4744928840429523
2102	68-69	0.40936663611587676
2102	70-71	0.3810474498831624
2102	72-73	0.4419372988905437
2102	74-75	0.42635953017562755
2102	76-77	0.46419570033853574
2102	78-79	0.4368841032826971
2102	80-81	0.5757398926826838
2102	82-83	0.6011645365827931
2102	84-85	0.5575423442457748
2102	86-87	0.7169099111157102
2102	88-89	0.6296486403802923
2102	90	0.44275490738607104
2103	1	0.3207608788859382
2103	2	0.37437864876675064
2103	3	0.3408641624158477
2103	4	0.294739244174842
2103	5	0.27588153719644737
2103	6	0.2643431664646485
2103	7	0.2887392696188229
2103	8	0.34013810014441503
2103	9	0.3295911439247874
2103	10-11	0.3008123033769934
2103	12-13	0.42619460713316215
2103	14-15	0.5230316868600084
2103	16-17	0.4368820053798643
2103	18-19	0.5779708984502321
2103	20-21	0.5037406204580748
2103	22-23	0.5589352627659707
2103	24-25	0.5213203374290387
2103	26-27	0.4410487841493165
2103	28-29	0.3998596935348644
2103	30-31	0.6196714634105405
2103	32-33	0.6294278462639582
2103	34-35	0.5646914620635428
2103	36-37	0.5679762634440237
2103	38-39	0.5449332422042517
2103	40-41	0.6712594585134539
2103	42-43	0.6547053094349309
2103	44-45	0.5140968947214688
2103	46-47	0.6980468421128236
2103	48-49	0.8033044052290848
2103	50-51	0.7904452110461477
2103	52-53	0.6511325643491617
2103	54-55	0.5156014226781949
2103	56-57	0.345215387957289
2103	58-59	0.3085497606480203
2103	60-61	0.5109361080124728
2103	62-63	0.5557590493567517
2103	64-65	0.4653511930313883
2103	66-67	0.4467154377789342
2103	68-69	0.3953623778879063
2103	70-71	0.4204359208301085
2103	72-73	0.4307623882110576
2103	74-75	0.48492099750898277
2103	76-77	0.5607799192267322
2103	78-79	0.6758795345742428
2103	80-81	0.6733235337576886
2103	82-83	0.66224808410972
2103	84-85	0.7197158875992997
2103	86-87	0.8068552915204066
2103	88-89	0.8867116583718193
2103	90	0.890436007386679
2104	1	0.38522791072010065
2104	2	0.5031999460077117
2104	3	0.31812916062870755
2104	4	0.3844252530640375
2104	5	0.48553678998786154
2104	6	0.4168712140551989
2104	7	0.5194842909365747
2104	8	0.601918355076613
2104	9	0.4841016119632897
2104	10-11	0.41935061471420454
2104	12-13	0.5632588633117948
2104	14-15	0.734652345046733
2104	16-17	0.6545450090281975
2104	18-19	0.5681087292734546
2104	20-21	0.7394312392032418
2104	22-23	0.7528840650285957
2104	24-25	0.6779609121241137
2104	26-27	0.453014814541973
2104	28-29	0.4428753035667654
2104	30-31	0.7106706340101283
2104	32-33	0.848520003125401
2104	34-35	0.7336221316180982
2104	36-37	0.6445065227689923
2104	38-39	0.6608196519369471
2104	40-41	0.7570796029568001
2104	42-43	0.7306673994527912
2104	44-45	0.922455934129438
2104	46-47	0.6166530579673335
2104	48-49	0.7662568527165234
2104	50-51	0.8876994708702313
2104	52-53	0.3997530661753359
2104	54-55	0.3720583237722508
2104	56-57	0.4670686319048869
2104	58-59	0.5538455434283023
2104	60-61	0.5109264327864622
2104	62-63	0.33633215191704124
2104	64-65	0.07244460166689493
2104	66-67	-2.2432360504153976
2104	68-69	-2.3085098699829274
2104	70-71	-0.4462776095175158
2104	72-73	-0.19137321664292273
2104	74-75	0.16575297353043794
2104	76-77	0.45429971974358807
2104	78-79	0.782782107717285
2104	80-81	1.0099092999655284
2104	82-83	1.0297559838761572
2104	84-85	0.786003085229023
2104	86-87	1.1000443327588911
2104	88-89	1.356768835621292
2104	90	1.5320171483916418
>>END_MODULE
>>Per sequence quality scores	pass
#Quality	Count
11	2.0
12	321.0
13	1716.0
14	3632.0
15	5725.0
16	7904.0
17	9546.0
18	11409.0
19	12972.0
20	14117.0
21	15105.0
22	16154.0
23	17413.0
24	18794.0
25	20621.0
26	22800.0
27	24648.0
28	27542.0
29	30791.0
30	35470.0
31	41066.0
32	48610.0
33	59463.0
34	76655.0
35	109260.0
36	180562.0
37	336805.0
38	402503.0
39	114504.0
40	557.0
>>END_MODULE
>>Per base sequence content	pass
#Base	G	A	T	C
1	17.206907579533105	33.59773867432122	29.187409585673628	20.00794416047204
2	19.248536150292768	35.342932931413415	30.0076739984652	15.400856919828614
3	17.460356507928697	32.68295346340931	31.287533742493252	18.56915628616874
4	18.37052824088908	31.11219913765896	31.26688291194305	19.250389709508912
5	18.939374393614933	31.630845072028198	31.301079597921326	18.128700936435546
6	19.067947627179052	31.348152539261015	30.572772229108892	19.01112760445104
7	19.061336187732763	31.263293747341255	31.397273720545254	18.27809634438073
8	18.196436360712728	31.380353723929254	31.815953636809276	18.607256278548746
9	18.576176284764742	30.724553855089233	31.851593629681275	18.847676230464756
10-11	18.63109863109863	31.349371349371346	31.44135144135144	18.578178578178576
12-13	18.50806063302452	31.30994249240767	31.446833902389194	18.735162972178614
14-15	18.494256170132083	31.5420740187849	31.408633324893287	18.555036486189728
16-17	18.530208624898485	31.452376216623573	31.47184639380218	18.545568764675757
18-19	18.53315629336874	31.26857374628525	31.43600371279926	18.762266247546748
20-21	18.671118671118673	31.195891195891196	31.402141402141403	18.73084873084873
22-23	18.625773173606127	31.370266449365978	31.29561934296145	18.708341034066443
24-25	18.64303554418835	31.226383253204524	31.252214480187806	18.878366722419315
26-27	18.782010989983604	31.2147937240383	31.210443334678455	18.792751951299643
28-29	18.74576420683901	31.197548542677144	31.26223111057509	18.794456139908753
30-31	18.744634896851952	31.228982302213034	31.089414583956138	18.936968216978876
32-33	18.83219623356075	31.161383767723244	31.137323772535247	18.869096226180755
34-35	18.78371624325675	31.31834373633125	31.08167378366524	18.816266236746753
36-37	18.77249624550075	31.135853772829247	31.104173779165244	18.98747620250476
38-39	18.842156231568755	31.179113764177245	31.075793784841245	18.902936219412755
40-41	18.806867311134077	31.296464319277167	31.091663160208928	18.80500520937983
42-43	18.75745508928089	31.191643092668336	31.062031147708367	18.988870670342408
44-45	18.85912333349141	31.199826153041755	31.06773007858531	18.873320434881528
46-47	18.7430953859396	31.308269990705313	31.087922578887046	18.860712044468038
48-49	18.74448919589887	31.221084685252272	31.032918569853518	19.001507548995342
50-51	18.79404432257619	31.174695271038523	31.124444617780036	18.906815788605254
52-53	18.648056270388746	31.303553739289253	31.207133758573246	18.841256231748755
54-55	18.60074839029475	31.277355387572975	31.19019021211593	18.931706010016345
56-57	18.650018770745724	31.307053088950525	31.174952653007086	18.86797548729666
58-59	18.631586273682746	31.33952373209525	31.21262375747525	18.816266236746753
60-61	18.635426272914746	31.212083757583247	31.194653761069247	18.957836208432756
62-63	18.715526256894748	31.265393746921248	31.166843766631246	18.852236229552755
64-65	18.667916266416746	31.337153732569256	31.21910375617925	18.77582624483475
66-67	18.686126262774746	31.216613756677248	31.201343759731248	18.895916220816755
68-69	18.73685625262875	31.297493740501253	31.118393776321245	18.847256230548755
70-71	18.632186273562745	31.35293372941325	31.197413760517247	18.817466236506753
72-73	18.631706273658747	31.25924374815125	31.19666376066725	18.912386217522755
74-75	18.659786268042748	31.29578374084325	31.22354375529125	18.820886235822755
76-77	18.614966277006744	31.343273731345256	31.27685374462925	18.76490624701875
78-79	18.607316278536747	31.23248375350325	31.25015374996925	18.910046217990757
80-81	18.655316268936748	31.25948374810325	31.24463375107325	18.840566231886754
82-83	18.553376289324742	31.383833723233256	31.27535374492925	18.78743624251275
84-85	18.526466294706744	31.330223733955254	31.27340374531925	18.869906226018752
86-87	18.565736286852744	31.34189373162125	31.25777374844525	18.834596233080752
88-89	18.49574630085074	31.417703716459254	31.336643732671256	18.74990625001875
90	18.54485629102874	31.23677375264525	31.21091375781725	19.00745619850876
>>END_MODULE
>>Per sequence GC content	pass
#GC Content	Count
0	1.0
1	1.0
2	1.5
3	3.0
4	4.0
5	5.5
6	8.5
7	11.5
8	17.5
9	29.0
10	36.0
11	52.5
12	96.0
13	159.5
14	274.0
15	494.5
16	816.0
17	1487.0
18	2370.0
19	3419.0
20	4077.0
21	4925.0
22	7043.5
23	9868.0
24	13533.5
25	18074.0
26	23437.0
27	30540.5
28	39135.0
29	48811.5
30	54063.0
31	59645.5
32	71310.5
33	83526.0
34	95035.5
35	104477.0
36	112117.5
37	117686.5
38	119385.5
39	116902.5
40	114714.0
41	109769.0
42	98844.0
43	86170.0
44	72135.0
45	57663.0
46	44492.0
47	33546.0
48	24515.5
49	17423.0
50	14455.0
51	12138.0
52	8358.0
53	5681.0
54	3744.0
55	2490.0
56	1694.0
57	1173.0
58	781.0
59	533.5
60	422.0
61	347.5
62	223.0
63	126.0
64	59.0
65	30.0
66	13.5
67	5.5
68	4.0
69	2.0
70	1.0
71	0.5
72	0.0
73	0.5
74	0.5
75	0.0
76	0.0
77	0.0
78	0.0
79	0.0
80	0.0
81	0.0
82	0.0
83	0.0
84	0.0
85	0.0
86	0.0
87	0.0
88	0.0
89	0.0
90	0.0
91	0.0
92	0.0
93	0.0
94	0.0
95	0.0
96	0.0
97	0.0
98	0.0
99	0.0
100	0.0
>>END_MODULE
>>Per base N content	pass
#Base	N-Count
1	0.0020399995920000816
2	0.0
3	0.0
4	0.002459999508000098
5	0.0016799996640000671
6	5.99999880000024E-5
7	0.0
8	0.0
9	0.0
10-11	1.199999760000048E-4
12-13	0.0010499997900000422
14-15	5.399998920000216E-4
16-17	9.299998140000372E-4
18-19	0.0
20-21	1.199999760000048E-4
22-23	0.009539998092000382
24-25	0.004769999046000191
26-27	0.008969998206000359
28-29	0.00398999920200016
30-31	0.04853999029200194
32-33	0.0
34-35	0.0
36-37	0.0
38-39	0.0
40-41	0.11288997742200452
42-43	0.10181997963600406
44-45	0.050039989992002
46-47	0.039689992062001585
48-49	0.003269999346000131
50-51	0.0013199997360000529
52-53	0.0
54-55	0.017429996514000696
56-57	0.030629993874001227
58-59	0.0
60-61	0.0
62-63	0.0
64-65	0.0
66-67	0.0
68-69	0.0
70-71	0.0
72-73	0.0
74-75	0.0
76-77	0.0
78-79	0.0
80-81	0.0
82-83	0.0
84-85	0.0
86-87	0.0
88-89	0.0
90	0.0
>>END_MODULE
>>Sequence Length Distribution	pass
#Length	Count
90	1666667.0
>>END_MODULE
>>Sequence Duplication Levels	pass
#Total Deduplicated Percentage	84.10042173790664
#Duplication Level	Percentage of deduplicated	Percentage of total
1	85.33402479248521	71.76627473640987
2	11.93273404553835	20.070959314321044
3	1.9090473858665975	4.816550708070872
4	0.4865476526679673	1.6367545113985824
5	0.17812719532644747	0.7490286124972352
6	0.07462705403467099	0.3765700030424026
7	0.039357999122296046	0.23170170274616797
8	0.022065053861926327	0.1484544268366104
9	0.009264033966755339	0.07011982472385746
>10	0.014204787129743046	0.13358615995337347
>50	0.0	0.0
>100	0.0	0.0
>500	0.0	0.0
>1k	0.0	0.0
>5k	0.0	0.0
>10k+	0.0	0.0
>>END_MODULE
>>Overrepresented sequences	pass
>>END_MODULE
>>Adapter Content	pass
#Position	Illumina Universal Adapter	Illumina Small RNA 3' Adapter	Illumina Small RNA 5' Adapter	Nextera Transposase Sequence	SOLID Small RNA Adapter
1	0.0	0.0	0.0	0.0	0.0
2	0.0	0.0	0.0	0.0	0.0
3	0.0	0.0	0.0	0.0	0.0
4	0.0	0.0	0.0	0.0	0.0
5	0.0	0.0	0.0	0.0	0.0
6	0.0	0.0	0.0	0.0	0.0
7	0.0	0.0	0.0	0.0	0.0
8	0.0	0.0	0.0	0.0	0.0
9	0.0	0.0	0.0	0.0	0.0
10-11	0.0	0.0	0.0	0.0	0.0
12-13	0.0	0.0	0.0	0.0	0.0
14-15	0.0	0.0	0.0	0.0	0.0
16-17	0.0	0.0	0.0	0.0	0.0
18-19	0.0	0.0	0.0	0.0	0.0
20-21	0.0	0.0	0.0	0.0	0.0
22-23	0.0	0.0	0.0	0.0	0.0
24-25	0.0	0.0	0.0	0.0	0.0
26-27	0.0	0.0	0.0	0.0	0.0
28-29	0.0	0.0	0.0	0.0	0.0
30-31	0.0	0.0	0.0	0.0	0.0
32-33	0.0	0.0	0.0	0.0	0.0
34-35	0.0	0.0	0.0	0.0	0.0
36-37	0.0	0.0	0.0	0.0	0.0
38-39	0.0	0.0	0.0	0.0	0.0
40-41	0.0	0.0	0.0	0.0	0.0
42-43	0.0	0.0	0.0	0.0	0.0
44-45	0.0	0.0	0.0	0.0	0.0
46-47	0.0	0.0	0.0	0.0	0.0
48-49	0.0	0.0	0.0	0.0	0.0
50-51	0.0	0.0	0.0	0.0	0.0
52-53	0.0	0.0	0.0	0.0	0.0
54-55	0.0	0.0	0.0	0.0	0.0
56-57	0.0	0.0	0.0	0.0	0.0
58-59	0.0	0.0	0.0	0.0	0.0
60-61	0.0	0.0	0.0	0.0	0.0
62-63	0.0	0.0	0.0	0.0	0.0
64-65	0.0	0.0	0.0	0.0	0.0
66-67	0.0	0.0	0.0	0.0	0.0
68-69	0.0	0.0	0.0	0.0	0.0
70-71	0.0	0.0	0.0	0.0	0.0
72-73	0.0	0.0	0.0	0.0	0.0
74-75	0.0	0.0	0.0	0.0	0.0
76-77	8.399998320000336E-4	0.0	0.0	0.0	0.0
78-79	0.004169999166000167	0.0	0.0	0.0	0.0
>>END_MODULE
