##FastQC	0.11.8
>>Basic Statistics	pass
#Measure	Value
Filename	E745-1.L500_SZAXPI015146-56_1_clean.fq.gz
File type	Conventional base calls
Encoding	Illumina 1.5
Total Sequences	1666667
Sequences flagged as poor quality	0
Sequence length	90
%GC	37
>>END_MODULE
>>Per base sequence quality	pass
#Base	Mean	Median	Lower Quartile	Upper Quartile	10th Percentile	90th Percentile
1	32.778217244356554	34.0	31.0	34.0	31.0	34.0
2	33.103904379219124	34.0	33.0	34.0	31.0	34.0
3	33.187148962570205	34.0	33.0	34.0	31.0	34.0
4	36.569495886100825	37.0	37.0	37.0	35.0	37.0
5	36.4859915028017	37.0	37.0	37.0	35.0	37.0
6	36.47731970453606	37.0	37.0	37.0	35.0	37.0
7	36.4785605042879	37.0	37.0	37.0	35.0	37.0
8	36.47678990464202	37.0	37.0	37.0	35.0	37.0
9	38.335783332843334	39.0	39.0	39.0	37.0	39.0
10-11	38.32439713512058	39.0	39.0	39.0	37.0	39.0
12-13	38.31360613727877	39.0	39.0	39.0	37.0	39.0
14-15	39.88311612337678	41.0	40.0	41.0	38.0	41.0
16-17	39.8557690288462	41.0	40.0	41.0	38.0	41.0
18-19	39.82892503421499	41.0	40.0	41.0	38.0	41.0
20-21	39.78111824377635	41.0	40.0	41.0	38.0	41.0
22-23	39.70299495940101	41.0	40.0	41.0	37.5	41.0
24-25	39.62149337570132	40.5	39.5	41.0	37.0	41.0
26-27	39.49912070017586	40.0	39.0	41.0	37.0	41.0
28-29	39.638594272281146	41.0	39.5	41.0	37.0	41.0
30-31	39.66506656698668	41.0	40.0	41.0	37.0	41.0
32-33	39.63452087309582	41.0	40.0	41.0	37.0	41.0
34-35	39.579667684066465	41.0	39.5	41.0	37.0	41.0
36-37	39.51236929752614	40.5	39.0	41.0	37.0	41.0
38-39	39.426611314677736	40.0	39.0	41.0	37.0	41.0
40-41	39.351102529779496	40.0	39.0	41.0	36.5	41.0
42-43	39.25704924859015	40.0	39.0	41.0	36.0	41.0
44-45	39.164750367049926	40.0	39.0	41.0	36.0	41.0
46-47	39.17888456422308	40.0	39.0	41.0	36.0	41.0
48-49	39.17556416488716	40.0	39.0	41.0	36.0	41.0
50-51	39.086577582684484	40.0	38.5	41.0	36.0	41.0
52-53	38.95232880953424	40.0	38.0	41.0	35.0	41.0
54-55	38.77744804451039	40.0	38.0	41.0	35.0	41.0
56-57	38.540183491963305	40.0	38.0	41.0	35.0	41.0
58-59	38.30451103909779	40.0	37.0	41.0	34.0	41.0
60-61	38.01370309725938	39.0	37.0	41.0	34.0	41.0
62-63	37.68725756254848	39.0	36.0	40.5	34.0	41.0
64-65	37.318085736382855	38.5	36.0	40.0	33.0	41.0
66-67	36.90326321934735	38.0	35.0	40.0	33.0	41.0
68-69	36.46367210726558	37.0	35.0	39.5	32.0	41.0
70-71	36.018925796214845	36.5	35.0	39.0	32.0	40.5
72-73	35.5452009909598	36.0	34.5	38.5	31.0	40.0
74-75	35.06114568777086	35.5	34.0	37.5	31.0	39.5
76-77	33.27108744578251	34.0	32.0	36.0	28.5	38.5
78-79	34.17524826495035	35.0	34.0	36.0	30.0	39.0
80-81	34.04907639018472	35.0	34.0	36.0	30.0	37.5
82-83	33.72474375505125	35.0	34.0	36.0	30.0	37.0
84-85	33.3724730255054	35.0	33.5	35.5	30.0	37.0
86-87	32.95653090869382	35.0	33.0	35.0	29.0	36.0
88-89	32.49033280193344	35.0	33.0	35.0	29.0	36.0
90	32.02032379593524	35.0	33.0	35.0	28.0	36.0
>>END_MODULE
>>Per tile sequence quality	pass
#Tile	Base	Mean
1101	1	-0.06291861081436423
1101	2	0.04758357386204892
1101	3	0.0372950527520004
1101	4	0.05473236631100775
1101	5	0.10239806342336522
1101	6	-0.4403286260286734
1101	7	-0.27754179649276267
1101	8	0.011414743173226327
1101	9	0.13848279912749462
1101	10-11	0.05051902233669381
1101	12-13	-0.10735012775423058
1101	14-15	-0.17655738268800292
1101	16-17	0.10502022021098867
1101	18-19	0.18266548173675545
1101	20-21	0.23841574658765552
1101	22-23	0.28691002691633827
1101	24-25	0.28997212464084043
1101	26-27	0.33714610706061876
1101	28-29	0.24986153781618015
1101	30-31	0.2124752708787767
1101	32-33	0.17231241028831334
1101	34-35	0.19926919289974876
1101	36-37	0.18189663813625145
1101	38-39	0.14910492806234998
1101	40-41	0.2225362445504544
1101	42-43	0.21123680303016812
1101	44-45	0.1402068544536874
1101	46-47	0.32022285622014124
1101	48-49	0.3083138500573881
1101	50-51	0.37726040812113126
1101	52-53	0.38380873980065644
1101	54-55	0.3940842103530713
1101	56-57	0.3828907364967833
1101	58-59	0.36326555326142085
1101	60-61	0.4457990957158273
1101	62-63	0.4205729732290493
1101	64-65	0.5029260860701541
1101	66-67	0.3371985475376391
1101	68-69	0.2227534700381355
1101	70-71	0.2603209382108389
1101	72-73	0.3847743082411412
1101	74-75	0.46487498212327694
1101	76-77	0.5555872538469799
1101	78-79	0.5121608315712507
1101	80-81	0.5264517608151493
1101	82-83	0.4666032435559302
1101	84-85	0.5777636644655786
1101	86-87	0.7013593594772587
1101	88-89	0.7681752049397517
1101	90	1.0317726258054094
1102	1	0.028297381988700465
1102	2	0.05626476175869044
1102	3	-0.03554541947972467
1102	4	0.03187564813846677
1102	5	-0.052406507224162624
1102	6	0.08837898532256361
1102	7	0.1322493157184752
1102	8	-0.23686008532307312
1102	9	0.05438666410540094
1102	10-11	0.07507598519132586
1102	12-13	0.1444994731197582
1102	14-15	0.13681427550558567
1102	16-17	0.18432912587336148
1102	18-19	0.16691352193578268
1102	20-21	0.249555937284498
1102	22-23	0.25834900779731385
1102	24-25	0.2462944469730033
1102	26-27	0.35383663591257175
1102	28-29	0.28115227423126754
1102	30-31	0.2584992432129738
1102	32-33	0.22912258174185496
1102	34-35	0.22712028385510763
1102	36-37	0.18120708137915642
1102	38-39	0.2163478700865582
1102	40-41	0.24218600172123672
1102	42-43	0.3037284655969543
1102	44-45	0.2983759318050403
1102	46-47	0.3953877673629336
1102	48-49	0.38370079929490686
1102	50-51	0.2909617043363326
1102	52-53	0.2759078484338957
1102	54-55	0.2951674163907043
1102	56-57	0.37497946492586465
1102	58-59	0.38308181341103875
1102	60-61	0.3824084480955108
1102	62-63	0.41952430645059735
1102	64-65	0.5011686683701271
1102	66-67	0.5390585593264419
1102	68-69	0.434752760826548
1102	70-71	0.4715607542990057
1102	72-73	0.5128832254507216
1102	74-75	0.5587514908613826
1102	76-77	0.7229959925047567
1102	78-79	0.5619740902653874
1102	80-81	0.5308000324292621
1102	82-83	0.6997367937884391
1102	84-85	0.8058012919890487
1102	86-87	0.7820571036971486
1102	88-89	0.8005561698974546
1102	90	0.8087275284249671
1103	1	0.15726508785260762
1103	2	0.11222896671893778
1103	3	0.08001840535833082
1103	4	0.060003245454502974
1103	5	0.11283921504711003
1103	6	0.08112440516920572
1103	7	0.12409709110694678
1103	8	0.10712100245469713
1103	9	-0.010540744955058301
1103	10-11	0.13104560671216348
1103	12-13	0.12107239717776963
1103	14-15	0.08590477479812364
1103	16-17	0.14616930604019984
1103	18-19	0.07561483533135771
1103	20-21	0.156298110805821
1103	22-23	0.19049244313652736
1103	24-25	0.18184023466428556
1103	26-27	0.24678403328530152
1103	28-29	0.19301144245218183
1103	30-31	0.19799099529578967
1103	32-33	0.1364962359522366
1103	34-35	0.17387278495196057
1103	36-37	0.20071331975236006
1103	38-39	0.21611826810144663
1103	40-41	0.21098194844876872
1103	42-43	0.22694074481945137
1103	44-45	0.25033480085126314
1103	46-47	0.38904903732972684
1103	48-49	0.3259923113639047
1103	50-51	0.30888720977666395
1103	52-53	0.35862835812020677
1103	54-55	0.28383356427123374
1103	56-57	0.29390318229936696
1103	58-59	0.3242191466938138
1103	60-61	0.358536010504821
1103	62-63	0.32326600632379154
1103	64-65	0.3401883371053174
1103	66-67	0.3952652757412096
1103	68-69	0.4713684095108377
1103	70-71	0.3933170319422743
1103	72-73	0.45507799172914076
1103	74-75	0.5302373617630778
1103	76-77	0.6236015037949727
1103	78-79	0.5936854947133412
1103	80-81	0.6270973017003314
1103	82-83	0.6185979197950999
1103	84-85	0.7060450973997092
1103	86-87	0.8887523637853434
1103	88-89	0.9183626012807622
1103	90	1.0766754524077555
1104	1	0.06673319150046808
1104	2	0.04723097408767529
1104	3	0.09473853133264498
1104	4	0.04100044380940915
1104	5	0.1186133266672158
1104	6	0.13400881628178496
1104	7	0.10162409953789364
1104	8	0.11779604197341342
1104	9	0.11024128775074615
1104	10-11	0.12225090373770087
1104	12-13	0.12145089240561191
1104	14-15	0.22789294562997497
1104	16-17	0.13696619240752028
1104	18-19	0.18170232192361624
1104	20-21	0.2051010166780003
1104	22-23	0.18076776047853826
1104	24-25	0.250164042751166
1104	26-27	0.27818352914525946
1104	28-29	0.18728805699662843
1104	30-31	0.11391606277893374
1104	32-33	0.10799810328207116
1104	34-35	0.09741544825769921
1104	36-37	0.21072761846097166
1104	38-39	0.1895798128995878
1104	40-41	0.2143242390689366
1104	42-43	0.22640400130048022
1104	44-45	0.24114989661098463
1104	46-47	0.29135347929423006
1104	48-49	0.22961650072078044
1104	50-51	0.27373397773957464
1104	52-53	0.2618519408441813
1104	54-55	0.3127834632958155
1104	56-57	0.37013116736073215
1104	58-59	0.32926184771900324
1104	60-61	0.3462134545304423
1104	62-63	0.3641937835379423
1104	64-65	0.38006994137013095
1104	66-67	0.3725980506531741
1104	68-69	0.4406179484230037
1104	70-71	0.38357240566404016
1104	72-73	0.4088868329961315
1104	74-75	0.4268769484618957
1104	76-77	0.5224266511393125
1104	78-79	0.5238333983353698
1104	80-81	0.47000010429924544
1104	82-83	0.4986357433044688
1104	84-85	0.6007956764150322
1104	86-87	0.8016880560153936
1104	88-89	0.9237144284198635
1104	90	1.0352499518012053
1105	1	0.09850075763276323
1105	2	0.042125796720718256
1105	3	0.04779271316557754
1105	4	0.01009445069093573
1105	5	0.04928016297479587
1105	6	0.09714713632043726
1105	7	0.06070366850246245
1105	8	0.027657065498182476
1105	9	0.08833834079303671
1105	10-11	0.03736683117563899
1105	12-13	0.06312502696036404
1105	14-15	0.1350218284707978
1105	16-17	0.12421140834934619
1105	18-19	0.07978671643461865
1105	20-21	0.17486501297540258
1105	22-23	0.15979235287936433
1105	24-25	0.16755002377350792
1105	26-27	0.22241237289491522
1105	28-29	0.0945229654089772
1105	30-31	0.11404283248401725
1105	32-33	0.13902874559420297
1105	34-35	0.17101162359264777
1105	36-37	0.11118684747989249
1105	38-39	0.14067395069964306
1105	40-41	0.1446062947480371
1105	42-43	0.1418445052815116
1105	44-45	0.2344930580538218
1105	46-47	0.2558863582849398
1105	48-49	0.1941668508817571
1105	50-51	0.25489650664307106
1105	52-53	0.2393358433965389
1105	54-55	0.32828919605236706
1105	56-57	0.25574142289157464
1105	58-59	0.35536156338608293
1105	60-61	0.35647488593097876
1105	62-63	0.3527696204023911
1105	64-65	0.4132085103383858
1105	66-67	0.45204674534009825
1105	68-69	0.49630806425825114
1105	70-71	0.497100484923223
1105	72-73	0.44515619879726387
1105	74-75	0.36846520230371027
1105	76-77	0.5278285157142335
1105	78-79	0.5260764845461381
1105	80-81	0.5096263318909706
1105	82-83	0.4380505651261828
1105	84-85	0.5350225748259447
1105	86-87	0.6910522621512385
1105	88-89	0.7898929625748536
1105	90	0.9608146532147614
1106	1	0.06146999507856066
1106	2	0.04103133917396917
1106	3	0.054689654340371874
1106	4	0.03691742015959676
1106	5	0.021219114529465344
1106	6	0.036484467932091036
1106	7	0.0632827180932054
1106	8	0.0718023801491725
1106	9	0.10029128987901714
1106	10-11	0.06942509078627523
1106	12-13	0.05637953302714038
1106	14-15	0.13527269909234008
1106	16-17	0.1313119095570059
1106	18-19	0.09978713440410303
1106	20-21	0.1637357305667635
1106	22-23	0.1511366939282368
1106	24-25	0.1881877562801506
1106	26-27	0.2645062132697049
1106	28-29	0.15154031736773987
1106	30-31	0.15535644832914386
1106	32-33	0.14700467055178024
1106	34-35	0.1184153661092111
1106	36-37	0.14068153126374483
1106	38-39	0.13099791262351346
1106	40-41	0.03973254821183758
1106	42-43	0.1719978467252261
1106	44-45	0.25254427087676845
1106	46-47	0.24362046566218964
1106	48-49	0.2506534260575677
1106	50-51	0.3169160195930161
1106	52-53	0.24927102255426092
1106	54-55	0.24491566650459617
1106	56-57	0.3680846398693163
1106	58-59	0.3231682195946135
1106	60-61	0.32720990750532053
1106	62-63	0.28945804816125786
1106	64-65	0.40642713328010416
1106	66-67	0.5003359606601876
1106	68-69	0.4672120966855644
1106	70-71	0.462813158469487
1106	72-73	0.4079521567655391
1106	74-75	0.45792663528096966
1106	76-77	0.6261339607005567
1106	78-79	0.5344937230306357
1106	80-81	0.5387540473586867
1106	82-83	0.5635920134704904
1106	84-85	0.6685045985808387
1106	86-87	0.7487982594264295
1106	88-89	0.7765843250130899
1106	90	0.9136639600968479
1107	1	0.010664195535767362
1107	2	-0.0016301258459492374
1107	3	0.0065529462920537185
1107	4	0.0073656169645417435
1107	5	0.06957791222134091
1107	6	0.02305075077826757
1107	7	0.07147882115327775
1107	8	0.06344023365276996
1107	9	-0.027683938744985426
1107	10-11	0.07695985733112565
1107	12-13	0.004001602452156305
1107	14-15	0.06655214844970203
1107	16-17	0.06388352080864479
1107	18-19	0.07366990738885448
1107	20-21	0.049967255178991365
1107	22-23	0.07717041034874939
1107	24-25	0.06802311661798655
1107	26-27	0.08483791777104699
1107	28-29	0.03591947991169775
1107	30-31	0.03372125047294361
1107	32-33	0.016584622561566675
1107	34-35	0.07155445131987648
1107	36-37	0.1317597956890495
1107	38-39	0.03026100975787216
1107	40-41	0.05982533174759652
1107	42-43	0.09605344630877966
1107	44-45	0.11685378422283321
1107	46-47	0.14490476188159107
1107	48-49	0.1555022872457812
1107	50-51	0.10773782460563552
1107	52-53	0.17107643675756634
1107	54-55	0.15432853970730065
1107	56-57	0.26698797622496073
1107	58-59	0.18794137999135074
1107	60-61	0.24491866696880038
1107	62-63	0.2195002032898259
1107	64-65	0.1906141411407205
1107	66-67	0.29957556552918874
1107	68-69	0.3649564900133129
1107	70-71	0.32409002201897863
1107	72-73	0.49142783175131655
1107	74-75	0.4974441874340627
1107	76-77	0.554722668315172
1107	78-79	0.37543070212610274
1107	80-81	0.4132166541498421
1107	82-83	0.5007505964757115
1107	84-85	0.6556829810872955
1107	86-87	0.6872936143132833
1107	88-89	0.7249343403865183
1107	90	0.9061514112462916
1108	1	0.023127921086697256
1108	2	-0.016672600837999596
1108	3	-0.01289517993000544
1108	4	-0.04258255438217873
1108	5	0.01906106657167328
1108	6	0.041871877127846346
1108	7	0.025712317044686017
1108	8	-0.02383630219493682
1108	9	0.019899631183662336
1108	10-11	0.010667972712901985
1108	12-13	-0.015071505888286651
1108	14-15	0.053802964101734574
1108	16-17	-0.05227651005904477
1108	18-19	0.04919702472351162
1108	20-21	0.05988976327511608
1108	22-23	0.020915441674581814
1108	24-25	0.10157395140701198
1108	26-27	0.125785875659993
1108	28-29	0.11528043356582174
1108	30-31	-0.011710399293406226
1108	32-33	0.029889064605882254
1108	34-35	0.018143673824503992
1108	36-37	0.0020432113655459716
1108	38-39	0.07075211277894766
1108	40-41	0.08886288047231261
1108	42-43	0.1032063957965903
1108	44-45	0.17397462013523324
1108	46-47	0.0985524999452494
1108	48-49	0.09743171951883767
1108	50-51	0.05444891821523612
1108	52-53	0.11391435880043588
1108	54-55	-0.002990577257385496
1108	56-57	0.14012179527108515
1108	58-59	0.25027571078395994
1108	60-61	0.20639631076073783
1108	62-63	0.14130498450250428
1108	64-65	0.2458016052157035
1108	66-67	0.1887728590156854
1108	68-69	0.2844364019451504
1108	70-71	0.289277465386661
1108	72-73	0.32886903379643684
1108	74-75	0.377626988051901
1108	76-77	0.5275357484971295
1108	78-79	0.451946040974363
1108	80-81	0.38644582169729347
1108	82-83	0.4634278402025629
1108	84-85	0.563719562953537
1108	86-87	0.6388098375359377
1108	88-89	0.6407343057708061
1108	90	0.8081079407506664
1109	1	-0.03969089787816671
1109	2	-0.05298520283304953
1109	3	-0.03865028103344059
1109	4	-0.05746049129925268
1109	5	-0.01760682943930192
1109	6	-0.0035696195921062213
1109	7	0.01365157122445737
1109	8	0.024196696243386384
1109	9	0.03079148671003651
1109	10-11	-0.01676113903854315
1109	12-13	-0.008475263088726592
1109	14-15	0.026707320438674742
1109	16-17	-0.036775246603802714
1109	18-19	-0.014208012481041976
1109	20-21	0.004782251373441682
1109	22-23	0.07909525894807956
1109	24-25	0.02958706081054885
1109	26-27	0.029323001520531022
1109	28-29	0.028771068934183575
1109	30-31	-0.08046261988099701
1109	32-33	-0.046452415159926375
1109	34-35	0.02118558332044529
1109	36-37	0.03798814991183974
1109	38-39	0.018513085014681963
1109	40-41	0.04871334796087723
1109	42-43	0.1143435291547803
1109	44-45	0.10601421211450912
1109	46-47	0.06376509545584952
1109	48-49	-2.4846463176686484E-5
1109	50-51	0.08024965534900019
1109	52-53	-0.03572132974046127
1109	54-55	0.07337230627102542
1109	56-57	0.14358899373048928
1109	58-59	0.2076742865007617
1109	60-61	0.18547491382031467
1109	62-63	0.1435797358642361
1109	64-65	0.1471787663624795
1109	66-67	0.08569731986040097
1109	68-69	0.17266139424486227
1109	70-71	0.20347598693125946
1109	72-73	0.2020947167579905
1109	74-75	0.22136778485614172
1109	76-77	0.18518467646836
1109	78-79	0.08108680360013665
1109	80-81	0.26735098048534667
1109	82-83	0.34880887614804834
1109	84-85	0.4871114860262935
1109	86-87	0.5642844269214251
1109	88-89	0.6573098523561995
1109	90	0.8406381137234646
1110	1	-0.10233053238822976
1110	2	-0.05678007567075127
1110	3	-0.03102901591766738
1110	4	-0.032515226671520736
1110	5	-0.007851732101848086
1110	6	-0.004621284360823097
1110	7	-0.01994645762430025
1110	8	-0.017868962479020922
1110	9	0.010612944331640506
1110	10-11	0.011415588430139678
1110	12-13	-0.011235078174678392
1110	14-15	0.04845344659777595
1110	16-17	0.007077572860978876
1110	18-19	-0.03949855054839446
1110	20-21	4.8065269386654563E-4
1110	22-23	0.04474203447544056
1110	24-25	0.04412396228010351
1110	26-27	0.08452781857221225
1110	28-29	0.047665109387530435
1110	30-31	0.012273970800094958
1110	32-33	0.0013388939474978656
1110	34-35	0.07194632873826379
1110	36-37	0.021609945435400846
1110	38-39	0.04425599483518994
1110	40-41	0.1374071467651774
1110	42-43	0.16333787260145272
1110	44-45	0.14808431914503473
1110	46-47	0.04727975030102982
1110	48-49	0.0556860609577825
1110	50-51	0.09816570348902331
1110	52-53	0.051069821769765156
1110	54-55	0.045573854451703255
1110	56-57	0.09174201383514458
1110	58-59	0.09953371318587045
1110	60-61	0.16338275165449545
1110	62-63	0.17702631041279915
1110	64-65	0.15554145852939172
1110	66-67	0.17651202961041434
1110	68-69	0.21182099445635316
1110	70-71	0.172887895179187
1110	72-73	0.19756782186346555
1110	74-75	0.27759550095071717
1110	76-77	0.3511333014751372
1110	78-79	0.36264199990185375
1110	80-81	0.33980171865031394
1110	82-83	0.3887065565883674
1110	84-85	0.47852836960094436
1110	86-87	0.5129121026846732
1110	88-89	0.5851083041755132
1110	90	0.7319016365801403
1111	1	-0.025037238461443678
1111	2	-0.07470530092050609
1111	3	-0.020893457558059936
1111	4	-0.008255299060955679
1111	5	0.007342527579361047
1111	6	-0.027584029263067578
1111	7	0.042024967871768126
1111	8	-0.027695700748374463
1111	9	0.02146046614119257
1111	10-11	0.018642687479506037
1111	12-13	0.007073362374647729
1111	14-15	0.0428605349352722
1111	16-17	0.028418493554646318
1111	18-19	-0.023773538757986046
1111	20-21	-0.010016852840379897
1111	22-23	0.007056386871845177
1111	24-25	-0.015532350008598428
1111	26-27	0.004541642853403971
1111	28-29	0.011593461743295563
1111	30-31	-0.027401154269021788
1111	32-33	0.06640236762883944
1111	34-35	0.0010548700950394618
1111	36-37	-0.022885046828960753
1111	38-39	-0.008506073204657127
1111	40-41	0.01729381186699186
1111	42-43	0.08165240828413545
1111	44-45	0.14064583568337952
1111	46-47	0.1021973773834759
1111	48-49	0.0650909814162901
1111	50-51	-0.0013597406668068857
1111	52-53	0.03861262279045974
1111	54-55	-0.030992216577779175
1111	56-57	0.04095148368390511
1111	58-59	0.04312688508029794
1111	60-61	0.22520223109552262
1111	62-63	0.1012383847423024
1111	64-65	0.15413897266599008
1111	66-67	0.18043634448068246
1111	68-69	0.2493201569158643
1111	70-71	0.19118635008449303
1111	72-73	0.13853969736194216
1111	74-75	0.10894523581241344
1111	76-77	0.24349445671472836
1111	78-79	0.3664984469751289
1111	80-81	0.41755534644342873
1111	82-83	0.4075542219145447
1111	84-85	0.39097285957876693
1111	86-87	0.5202774445460037
1111	88-89	0.548211133398091
1111	90	0.5511012202090413
1112	1	-0.06645246576840691
1112	2	-0.0938490018502307
1112	3	-0.15358403156937328
1112	4	-0.05361363186189294
1112	5	-0.025923054168039528
1112	6	-0.0044054676841867035
1112	7	-0.022561985386474248
1112	8	0.010000419323098697
1112	9	-0.003930735512184924
1112	10-11	0.019451000443986288
1112	12-13	-0.057841832463083165
1112	14-15	-5.796155957611404E-4
1112	16-17	-0.07235508916341615
1112	18-19	-0.036063997194609954
1112	20-21	-0.075193904797203
1112	22-23	-0.1300607818322348
1112	24-25	-0.030194113952816792
1112	26-27	-0.028784802270571674
1112	28-29	-0.09191673819618273
1112	30-31	-0.1284467160931939
1112	32-33	-0.1077861184925979
1112	34-35	-0.1124665008373924
1112	36-37	-0.08684115053174679
1112	38-39	-0.14026713331585228
1112	40-41	-0.056725255853308454
1112	42-43	-0.05351069110510309
1112	44-45	-0.020076332598726765
1112	46-47	0.00726444409210103
1112	48-49	-0.11876899758781434
1112	50-51	-0.09450765497222591
1112	52-53	-0.08442880558228438
1112	54-55	-0.0088737030954249
1112	56-57	0.08239983749388813
1112	58-59	0.027349336383686307
1112	60-61	-0.03904486001629692
1112	62-63	-0.030325493803317727
1112	64-65	0.0279865450059944
1112	66-67	0.04762062590241101
1112	68-69	0.10102555398563595
1112	70-71	0.10407705549759783
1112	72-73	0.05349476231223349
1112	74-75	0.0294713372620663
1112	76-77	0.12439850001474895
1112	78-79	0.18194872685464247
1112	80-81	0.16536643388398176
1112	82-83	0.216543387707695
1112	84-85	0.22282167863208713
1112	86-87	0.2727129655167886
1112	88-89	0.30248254619875325
1112	90	0.37122798955209646
1113	1	-0.10214391059237471
1113	2	-0.05051491538142017
1113	3	-0.027730574012984732
1113	4	-0.052750361393222533
1113	5	-0.06598507708994106
1113	6	-0.023516413400834324
1113	7	-0.025337511141486857
1113	8	-0.05353426699596753
1113	9	-0.05099541212910452
1113	10-11	-0.09798652253771678
1113	12-13	-0.07802404694720622
1113	14-15	-0.031848338765314566
1113	16-17	-0.10131997089899158
1113	18-19	-0.08452051248104198
1113	20-21	-0.12058094998089786
1113	22-23	-0.10463625708287339
1113	24-25	-0.09483803592798523
1113	26-27	-0.0847243830842217
1113	28-29	-0.07834612288449705
1113	30-31	-0.10686437844927354
1113	32-33	-0.14687486886363388
1113	34-35	-0.1341156017265419
1113	36-37	-0.06420876482005156
1113	38-39	-0.08190427264148781
1113	40-41	-0.10251877268588316
1113	42-43	-0.1744335921829716
1113	44-45	-0.0722314519263989
1113	46-47	-0.12358495982331164
1113	48-49	-0.03180284881254636
1113	50-51	-0.028982741693560854
1113	52-53	-0.12379174157019435
1113	54-55	-0.054190573773198025
1113	56-57	-0.05774401138283025
1113	58-59	0.06493088545045822
1113	60-61	-0.06741290403485323
1113	62-63	-0.0600109046830255
1113	64-65	-0.033187371697223966
1113	66-67	0.040637376521530655
1113	68-69	0.09335221099444624
1113	70-71	0.10723220583673054
1113	72-73	0.054408581462247696
1113	74-75	-0.05189489480112286
1113	76-77	-0.01514846684285942
1113	78-79	0.06472106285939105
1113	80-81	0.10075427650524915
1113	82-83	0.17624288665108878
1113	84-85	0.22253920852492115
1113	86-87	0.23830140798830968
1113	88-89	0.2877085532959498
1113	90	0.4091818533586178
1114	1	-0.14591946568383918
1114	2	-0.0792348169157222
1114	3	-0.08084792859168743
1114	4	-0.016338760570306476
1114	5	0.0022482723877388366
1114	6	-0.016990928292884178
1114	7	0.0011295877196673132
1114	8	-0.04036563560691775
1114	9	-0.02377791225129755
1114	10-11	-0.008990374963595116
1114	12-13	-0.012419544896580703
1114	14-15	-0.0015276143137370468
1114	16-17	-0.047532907407280334
1114	18-19	-0.09933146812260674
1114	20-21	-0.151085320062613
1114	22-23	-0.11655078388322693
1114	24-25	-0.046114757411366725
1114	26-27	-0.038671453329897076
1114	28-29	-0.10828884748713818
1114	30-31	-0.11120304534107106
1114	32-33	-0.07852416925064887
1114	34-35	-0.05925901238980913
1114	36-37	-0.09253387046183548
1114	38-39	-0.05827757137556233
1114	40-41	-0.08294049556894123
1114	42-43	0.007536343787663213
1114	44-45	0.10093091427179246
1114	46-47	0.02525295835596353
1114	48-49	-0.03668996429200888
1114	50-51	0.026214123044972837
1114	52-53	0.030562210609957674
1114	54-55	0.05877463886560008
1114	56-57	0.06284798250305101
1114	58-59	0.02180228907538151
1114	60-61	0.17373260391216405
1114	62-63	0.06333550705110014
1114	64-65	0.1442284370233935
1114	66-67	0.17355975480576546
1114	68-69	0.10881990082750548
1114	70-71	0.18374045056130228
1114	72-73	0.20936999055255257
1114	74-75	0.1397756450272709
1114	76-77	0.13182828974336758
1114	78-79	0.2455308276703505
1114	80-81	0.11762341399730047
1114	82-83	0.24987776376892867
1114	84-85	0.332770398511272
1114	86-87	0.4079382490879695
1114	88-89	0.3689899847809741
1114	90	0.6164678704301565
1115	1	-0.1378707558182981
1115	2	-0.12497594357379427
1115	3	-0.12049642512273806
1115	4	-0.0829186977934171
1115	5	-0.08897605825715971
1115	6	-0.0054119585063574505
1115	7	-0.02515804318446868
1115	8	-0.008419203046315715
1115	9	0.0015487165426080196
1115	10-11	-0.02785203515726664
1115	12-13	0.011904620219240769
1115	14-15	-0.10634775947000463
1115	16-17	-0.034707371794063135
1115	18-19	-0.078964956925482
1115	20-21	-0.10427208335512717
1115	22-23	0.022417969501098867
1115	24-25	-0.06715317257351927
1115	26-27	0.021973860855894145
1115	28-29	-0.06246434456149785
1115	30-31	-0.025999070286886194
1115	32-33	-0.055139709046272856
1115	34-35	-0.01134588864809416
1115	36-37	-0.08888788065640085
1115	38-39	-0.026299193016775746
1115	40-41	-0.017388488036075955
1115	42-43	-0.00502401904410732
1115	44-45	-5.049247449520067E-4
1115	46-47	0.03136085902764307
1115	48-49	0.046500156707793394
1115	50-51	0.10885228409076575
1115	52-53	0.11025628314640556
1115	54-55	0.1040451880569151
1115	56-57	0.08685423028553174
1115	58-59	0.1316984176524656
1115	60-61	0.21579343868079093
1115	62-63	0.1768286418764191
1115	64-65	0.17137611225289362
1115	66-67	0.1821862531429943
1115	68-69	0.26775985314897355
1115	70-71	0.2514592441610901
1115	72-73	0.21836937112126265
1115	74-75	0.13632133001088675
1115	76-77	0.16510960353583926
1115	78-79	0.2731228893434121
1115	80-81	0.35574757485368735
1115	82-83	0.31047015215008145
1115	84-85	0.4784895935859126
1115	86-87	0.5430820708838766
1115	88-89	0.6130905474348438
1115	90	0.8268110589289392
1116	1	-0.1373485803130805
1116	2	-0.09378094907434331
1116	3	-0.02815339801180272
1116	4	0.0027991805012632653
1116	5	0.039793702280533694
1116	6	0.061107681471334274
1116	7	0.03150543994466659
1116	8	0.04280975546597432
1116	9	-0.0854076332019531
1116	10-11	0.029499346385001957
1116	12-13	-0.00717461219029758
1116	14-15	-0.06531516305967955
1116	16-17	-0.09481034698883661
1116	18-19	-0.05837571050084733
1116	20-21	-0.07565613100646829
1116	22-23	-0.052227508745353646
1116	24-25	-0.13229527325619728
1116	26-27	-0.0878401470859913
1116	28-29	-0.04815641548092486
1116	30-31	-0.03136304846552207
1116	32-33	-0.07236373024976217
1116	34-35	-0.09089528622484266
1116	36-37	-0.007484496311114697
1116	38-39	-0.04256593955444288
1116	40-41	-0.1282539581447324
1116	42-43	-0.08362184029883224
1116	44-45	0.007630285180148633
1116	46-47	-0.131859675354562
1116	48-49	-0.08639350937113477
1116	50-51	-0.022087791937387635
1116	52-53	0.024618558415028247
1116	54-55	0.007342786652394295
1116	56-57	0.020567186341416743
1116	58-59	0.015324061894965268
1116	60-61	0.09018074898716577
1116	62-63	0.03635768553420604
1116	64-65	0.09028674903574796
1116	66-67	0.13504470251533007
1116	68-69	0.20880172702813837
1116	70-71	0.16376889122168592
1116	72-73	0.25441153698168506
1116	74-75	0.21167020051437646
1116	76-77	0.28024821928097765
1116	78-79	0.39016041929504297
1116	80-81	0.3433359227295725
1116	82-83	0.4720326568594544
1116	84-85	0.5387880078451417
1116	86-87	0.5638446694040056
1116	88-89	0.7086425897966109
1116	90	0.8147683392460152
1201	1	-0.16611332612789198
1201	2	-0.013491108156223675
1201	3	0.01843401056734706
1201	4	0.026986079301103416
1201	5	0.032997178514314385
1201	6	-0.29842402283104974
1201	7	-0.2890995547397992
1201	8	-0.005030086732993766
1201	9	0.1219856077392123
1201	10-11	0.09949373464982614
1201	12-13	-0.1872774886648827
1201	14-15	-0.3724443882719868
1201	16-17	0.026031885601170757
1201	18-19	0.05939928053319221
1201	20-21	0.1612667648730337
1201	22-23	0.1389813598776044
1201	24-25	0.17285403412279976
1201	26-27	0.08108048648771415
1201	28-29	0.1352884854451375
1201	30-31	0.10252846972898766
1201	32-33	0.096792660243743
1201	34-35	0.10433605975904214
1201	36-37	0.10002005872071607
1201	38-39	0.1029124908888619
1201	40-41	0.08105655893543684
1201	42-43	0.033157688155306175
1201	44-45	0.036532522509311605
1201	46-47	0.09532353779210467
1201	48-49	0.051181260395622985
1201	50-51	0.11300312457664319
1201	52-53	0.06838769114977339
1201	54-55	0.04469765004947135
1201	56-57	0.07891061973067792
1201	58-59	0.08161158286892345
1201	60-61	0.025550931380564634
1201	62-63	0.021751563699517362
1201	64-65	-0.014948295409837442
1201	66-67	-0.0167493315937719
1201	68-69	-0.016092962877458206
1201	70-71	-0.0420501019001307
1201	72-73	-0.0016308848542863075
1201	74-75	-0.04959169540354935
1201	76-77	-0.049404997900381886
1201	78-79	-0.06677311566582489
1201	80-81	-0.14817362602607886
1201	82-83	-0.11938038766297865
1201	84-85	-0.27373340640818355
1201	86-87	-0.27125797491604686
1201	88-89	-0.32711380966286896
1201	90	-0.3728945691858385
1202	1	0.011277797721810146
1202	2	0.08979084915086588
1202	3	0.11225200901998278
1202	4	0.08475223905671214
1202	5	-0.17975754376789155
1202	6	0.05984167460322709
1202	7	0.05882272495517782
1202	8	-0.2775522645285662
1202	9	0.0024441969567519095
1202	10-11	-0.15107803418531063
1202	12-13	0.07054921317035223
1202	14-15	0.07960355895838944
1202	16-17	0.07472008812516862
1202	18-19	0.13403702398573358
1202	20-21	0.16648937102348071
1202	22-23	0.13492928635069035
1202	24-25	0.1615532652645939
1202	26-27	0.1359014182172089
1202	28-29	0.1605541891694955
1202	30-31	0.17494722802403828
1202	32-33	0.1670149204394562
1202	34-35	0.15192905344169816
1202	36-37	0.12412791482870489
1202	38-39	0.09050870299895308
1202	40-41	0.08851995587551897
1202	42-43	0.13236241159069806
1202	44-45	0.14136902220214864
1202	46-47	0.09936334565094285
1202	48-49	0.12692909922683526
1202	50-51	0.15772133919858078
1202	52-53	0.14300619742203935
1202	54-55	0.14527675731850564
1202	56-57	0.10302838272442472
1202	58-59	0.12512440730633045
1202	60-61	0.026930452117937875
1202	62-63	0.12498970007277421
1202	64-65	0.04165430323444497
1202	66-67	0.05965912354008651
1202	68-69	-0.00939700887057171
1202	70-71	0.09044249152336903
1202	72-73	0.04532974549621116
1202	74-75	0.03214414823330003
1202	76-77	-0.08617872882307154
1202	78-79	0.004785892681113069
1202	80-81	0.024694139588540054
1202	82-83	-0.010700435635364158
1202	84-85	0.015114742524289682
1202	86-87	0.04632627554679658
1202	88-89	-0.026426041154813618
1202	90	-0.2486081270472944
1203	1	0.06258355756274625
1203	2	0.056121831396374944
1203	3	0.05093509951451125
1203	4	0.03883353843800563
1203	5	0.06976171013627663
1203	6	0.0931707760467475
1203	7	0.07660853877317919
1203	8	0.0819696411323676
1203	9	-0.054257120014185034
1203	10-11	0.04340805228243738
1203	12-13	0.07615732037913858
1203	14-15	-0.15188784433286173
1203	16-17	0.009583471459649218
1203	18-19	0.03045106048168833
1203	20-21	0.07712414425732561
1203	22-23	0.1108948995156922
1203	24-25	0.07996316338184783
1203	26-27	0.036676980282145166
1203	28-29	0.02171987687036392
1203	30-31	0.057136432404860216
1203	32-33	0.029423299171746464
1203	34-35	0.02616150295849451
1203	36-37	0.023985293316300726
1203	38-39	0.023324039367643934
1203	40-41	-0.11602939393214484
1203	42-43	0.023323453290849727
1203	44-45	-0.016536898791883914
1203	46-47	-0.041205102948495664
1203	48-49	0.04998668739774814
1203	50-51	-0.021990161951713105
1203	52-53	-0.03492693735375241
1203	54-55	0.011636356012488136
1203	56-57	0.03704417654675041
1203	58-59	-0.02149475639715348
1203	60-61	-0.09043276996106897
1203	62-63	-0.11714538389781382
1203	64-65	-0.12594041004307854
1203	66-67	-0.28988741581494537
1203	68-69	-0.14966030067336789
1203	70-71	-0.15330965215065362
1203	72-73	-0.21039554069386668
1203	74-75	-0.11659718876403247
1203	76-77	-0.08822933539963174
1203	78-79	-0.13358594914312505
1203	80-81	-0.13840384947885553
1203	82-83	-0.07444068223851019
1203	84-85	-0.22755724540253652
1203	86-87	-0.3411211884420382
1203	88-89	-0.3553382782443961
1203	90	-0.4934771824792463
1204	1	0.08113279951837882
1204	2	0.06974706704325939
1204	3	0.0745292715086947
1204	4	0.05363474241601551
1204	5	0.09032551752449791
1204	6	0.11813116705073412
1204	7	0.07289177760870302
1204	8	0.07983465000841505
1204	9	0.08815378041338562
1204	10-11	0.0767248308184918
1204	12-13	0.10991426527596815
1204	14-15	0.1065002682469327
1204	16-17	0.12237169376727053
1204	18-19	0.10272325919981284
1204	20-21	0.07245622930715001
1204	22-23	0.0315367096821646
1204	24-25	0.08830057564988891
1204	26-27	0.10172816966763065
1204	28-29	0.06703011795482183
1204	30-31	0.1354591505471916
1204	32-33	0.08371800404712815
1204	34-35	0.06382939420205247
1204	36-37	0.07405050646778477
1204	38-39	0.06108202576242405
1204	40-41	0.03859848868935245
1204	42-43	-0.00345442934061424
1204	44-45	0.03321101407848204
1204	46-47	-0.017307077710697172
1204	48-49	0.02753461712173788
1204	50-51	0.05783802674428529
1204	52-53	0.06058712097610908
1204	54-55	0.013065576883164454
1204	56-57	0.04841728243191312
1204	58-59	0.07045115543450464
1204	60-61	0.008714877116162256
1204	62-63	-0.1054360024675205
1204	64-65	0.0027386745144823976
1204	66-67	-0.045982410070578794
1204	68-69	-0.08630084821282225
1204	70-71	-0.057995157818034215
1204	72-73	-0.0431684811904276
1204	74-75	-0.0916131907386557
1204	76-77	-0.09845172350185294
1204	78-79	-0.1642414095467899
1204	80-81	-0.1931331924884745
1204	82-83	-0.21927832469990705
1204	84-85	-0.38370892639179743
1204	86-87	-0.45387479707905953
1204	88-89	-0.5081796970323538
1204	90	-0.5942519708975844
1205	1	0.07004185593312684
1205	2	0.07738768657956996
1205	3	0.05290800988890254
1205	4	0.0064518446072057145
1205	5	0.0997083127086853
1205	6	0.12249741539554293
1205	7	0.09029627810471652
1205	8	0.06776767701897057
1205	9	0.0743559741916755
1205	10-11	0.11281062911563566
1205	12-13	0.12425229039466501
1205	14-15	0.13383839816179943
1205	16-17	0.08223495658470625
1205	18-19	0.06541800580976798
1205	20-21	0.1223580592459399
1205	22-23	0.05091338480911389
1205	24-25	0.03539508986634843
1205	26-27	-0.02169209601051847
1205	28-29	0.07358298044606926
1205	30-31	0.05980698346235158
1205	32-33	0.0302016758643191
1205	34-35	0.0566997650302099
1205	36-37	0.06618269931638565
1205	38-39	-0.005876082819000317
1205	40-41	-0.09956604477915221
1205	42-43	-0.005751365443934731
1205	44-45	-0.03806748846672292
1205	46-47	-0.023226897690079795
1205	48-49	0.011467794588952529
1205	50-51	-0.0488416090536532
1205	52-53	-0.13574883284300654
1205	54-55	-0.1497660930412934
1205	56-57	-0.1060804264486066
1205	58-59	-0.10666153669946965
1205	60-61	-0.13134543932947906
1205	62-63	-0.08438491535515169
1205	64-65	-0.07896224770146176
1205	66-67	-0.19414310165933557
1205	68-69	-0.17060000762349858
1205	70-71	-0.23003410631599763
1205	72-73	-0.1862578527362615
1205	74-75	-0.13491809726406245
1205	76-77	-0.15737300355065997
1205	78-79	-0.2599699915519196
1205	80-81	-0.17778700112136647
1205	82-83	-0.23201057398914315
1205	84-85	-0.32698284000892386
1205	86-87	-0.37506691791980273
1205	88-89	-0.4169695165454428
1205	90	-0.47917938380019365
1206	1	0.0839589690041862
1206	2	0.076500145800388
1206	3	0.07338233279057249
1206	4	0.029942724587243674
1206	5	0.08760982374709414
1206	6	0.0841669169899717
1206	7	0.05052747692997883
1206	8	0.06177689330805691
1206	9	0.07826520018693373
1206	10-11	0.07054321277117737
1206	12-13	0.10049269599866051
1206	14-15	0.0964700782487995
1206	16-17	0.07132689486319066
1206	18-19	0.021257467500760185
1206	20-21	0.05613193690405893
1206	22-23	0.06703858073893798
1206	24-25	0.04695554394336199
1206	26-27	-0.014986403283501204
1206	28-29	0.040974924290914316
1206	30-31	0.04717801196444782
1206	32-33	0.03919428491253285
1206	34-35	0.028574587002246687
1206	36-37	0.022204256515493626
1206	38-39	-0.0016862544521742961
1206	40-41	-0.01632802487806373
1206	42-43	-0.003977682468580213
1206	44-45	-0.006871581578415942
1206	46-47	-0.02614513438273036
1206	48-49	-0.006981007156404928
1206	50-51	-0.09662107414413157
1206	52-53	0.03220289851418556
1206	54-55	-0.11149377568900576
1206	56-57	-0.03466346325902947
1206	58-59	-0.12347087281916203
1206	60-61	-0.18721580038113927
1206	62-63	-0.12341843482123238
1206	64-65	-0.1188478771771031
1206	66-67	-0.15222388586534663
1206	68-69	-0.23794784016015313
1206	70-71	-0.2957278347247936
1206	72-73	-0.3607268876888057
1206	74-75	-0.41129674813681305
1206	76-77	-0.47402795475362325
1206	78-79	-0.34558527623674706
1206	80-81	-0.2829670169365457
1206	82-83	-0.3524025576469825
1206	84-85	-0.3859475659738365
1206	86-87	-0.45643582486470535
1206	88-89	-0.4960102955897412
1206	90	-0.728839504818648
1207	1	0.022523685245296576
1207	2	0.057717720171552855
1207	3	0.04917312147151165
1207	4	0.022916363910447046
1207	5	0.0870309849389912
1207	6	0.04586731167280078
1207	7	0.031073543287185146
1207	8	0.04291747249334321
1207	9	0.027498699362396906
1207	10-11	0.04205375657442545
1207	12-13	0.025549156843446497
1207	14-15	0.06798914651905363
1207	16-17	0.049665536739603056
1207	18-19	-0.004360343245622289
1207	20-21	-0.027450049632236073
1207	22-23	-0.040825212577381365
1207	24-25	-0.067928972902223
1207	26-27	-0.12420806169930643
1207	28-29	-0.022851609955033325
1207	30-31	-0.08507139414143694
1207	32-33	-0.016143530090587888
1207	34-35	-0.04602838594687597
1207	36-37	0.027776233127653427
1207	38-39	-0.05582541940088248
1207	40-41	0.0024038039143405854
1207	42-43	0.04677396928439492
1207	44-45	-0.10491161412537764
1207	46-47	-0.053164532494861305
1207	48-49	-0.0878772366196614
1207	50-51	-0.10129921914312234
1207	52-53	-0.05767481938150354
1207	54-55	-0.12873327278944657
1207	56-57	-0.035323971960728784
1207	58-59	-0.09483113851855052
1207	60-61	-0.21740176300383496
1207	62-63	-0.2369910086960516
1207	64-65	-0.3339841132839396
1207	66-67	-0.24727898004557858
1207	68-69	-0.22276191466014694
1207	70-71	-0.19434057396327375
1207	72-73	-0.3364993900130955
1207	74-75	-0.24007444131154898
1207	76-77	-0.2567619768089031
1207	78-79	-0.17678996766342436
1207	80-81	-0.2032382269791455
1207	82-83	-0.12243484887797251
1207	84-85	-0.2497058219888828
1207	86-87	-0.3662020042343457
1207	88-89	-0.3788740820314942
1207	90	-0.3611489946677935
1208	1	-0.0820620734015165
1208	2	-0.0541426102404543
1208	3	-0.06667966911717826
1208	4	-0.04978637696752486
1208	5	0.012536085214478021
1208	6	1.0389087488249515E-4
1208	7	0.026986917440240177
1208	8	0.059359236501038026
1208	9	0.012373612313901106
1208	10-11	0.06043919308705625
1208	12-13	0.04063906863429878
1208	14-15	-0.024055058788384542
1208	16-17	0.020761740111176152
1208	18-19	-0.028210126007614633
1208	20-21	-0.006697468835895393
1208	22-23	-0.05276112188927584
1208	24-25	-0.072516401347265
1208	26-27	-0.05677175492068898
1208	28-29	-0.08093102446355971
1208	30-31	-0.04484089081498155
1208	32-33	-0.13853549688295175
1208	34-35	-0.13951162883736146
1208	36-37	-0.15539324098993035
1208	38-39	-0.1357240325376594
1208	40-41	-0.10872551073476444
1208	42-43	-0.04181840723813224
1208	44-45	-0.1697318124426559
1208	46-47	-0.11065116863433389
1208	48-49	-0.0979327067691429
1208	50-51	-0.14039371220332697
1208	52-53	-0.2420669416567236
1208	54-55	-0.27108220258566007
1208	56-57	-0.2127226507944684
1208	58-59	-0.29973563700971084
1208	60-61	-0.30734161194457954
1208	62-63	-0.2935617194497695
1208	64-65	-0.3617471092413851
1208	66-67	-0.3923496809447542
1208	68-69	-0.36745786904015887
1208	70-71	-0.44235734640207625
1208	72-73	-0.41369005578628304
1208	74-75	-0.5417033705383787
1208	76-77	-0.5123608649970208
1208	78-79	-0.44113038641596347
1208	80-81	-0.43634014270305244
1208	82-83	-0.5388974443028332
1208	84-85	-0.5603422176774018
1208	86-87	-0.6386204140608598
1208	88-89	-0.6759228368547454
1208	90	-0.8517682872427237
1209	1	-0.047938883563915624
1209	2	-0.027472156443444362
1209	3	-0.05582477992474111
1209	4	-0.060609229471324966
1209	5	0.018441574477357392
1209	6	0.002303862811459112
1209	7	-0.010199803119654405
1209	8	-0.0076078233399172746
1209	9	-0.009463238969999566
1209	10-11	-0.029521349882912773
1209	12-13	-0.010060780882753306
1209	14-15	-0.07049895055520494
1209	16-17	-0.13235474958410975
1209	18-19	-0.17195382605543585
1209	20-21	-0.10973461850844046
1209	22-23	-0.17494520434419059
1209	24-25	-0.12266930047071156
1209	26-27	-0.23459255850822558
1209	28-29	-0.16416126767034456
1209	30-31	-0.17726436429360604
1209	32-33	-0.1417652067415176
1209	34-35	-0.20430466824929283
1209	36-37	-0.1503233902701595
1209	38-39	-0.19019347275826703
1209	40-41	-0.1548199520292357
1209	42-43	-0.2137147501158907
1209	44-45	-0.22879941236133305
1209	46-47	-0.2572470288498465
1209	48-49	-0.23283293843556407
1209	50-51	-0.2680412134132055
1209	52-53	-0.24681096672480152
1209	54-55	-0.2537952769909566
1209	56-57	-0.30650432953127194
1209	58-59	-0.28168555811712537
1209	60-61	-0.355393333836048
1209	62-63	-0.27848899437682206
1209	64-65	-0.3759044620014791
1209	66-67	-0.3387945391815066
1209	68-69	-0.4014464689903363
1209	70-71	-0.5300499960760519
1209	72-73	-0.4182131350883722
1209	74-75	-0.31759626347641756
1209	76-77	-0.5615761093063014
1209	78-79	-0.6555693935721365
1209	80-81	-0.5136690130929935
1209	82-83	-0.5599044737608381
1209	84-85	-0.598431692748207
1209	86-87	-0.6511491754902679
1209	88-89	-0.8517703415009628
1209	90	-1.0335972564273668
1210	1	-0.1300217022508221
1210	2	-0.14768764205641105
1210	3	-0.09959109519562048
1210	4	-0.0923045727154701
1210	5	-0.07310629917335376
1210	6	-0.04229432998531735
1210	7	-0.035040099521175705
1210	8	-0.04326052557093618
1210	9	-0.10701443595271343
1210	10-11	-0.022392028049800672
1210	12-13	-0.06643639051571171
1210	14-15	-0.1071101355084636
1210	16-17	-0.1508748397266615
1210	18-19	-0.21778042437531298
1210	20-21	-0.19222493271041685
1210	22-23	-0.15110874048085776
1210	24-25	-0.19368345640270235
1210	26-27	-0.1922933663616604
1210	28-29	-0.22167353866900896
1210	30-31	-0.1685399214391623
1210	32-33	-0.21235210821752304
1210	34-35	-0.17546392618354645
1210	36-37	-0.2115875098613671
1210	38-39	-0.1969339699698196
1210	40-41	-0.21872080218596324
1210	42-43	-0.22352689220269895
1210	44-45	-0.21560292057434793
1210	46-47	-0.30769130036728853
1210	48-49	-0.28926312452648517
1210	50-51	-0.242236297702064
1210	52-53	-0.35535901533354064
1210	54-55	-0.27710595282508166
1210	56-57	-0.29565336330165337
1210	58-59	-0.47856046835320853
1210	60-61	-0.45959998624495313
1210	62-63	-0.3497928320505892
1210	64-65	-0.4160497119781965
1210	66-67	-0.45525935129313666
1210	68-69	-0.5544670626812263
1210	70-71	-0.5913478016150009
1210	72-73	-0.6820134931865383
1210	74-75	-0.6604387394545057
1210	76-77	-0.7800784425151619
1210	78-79	-0.6150733571112355
1210	80-81	-0.6884286634206731
1210	82-83	-0.6896512111418858
1210	84-85	-0.6159283654992294
1210	86-87	-0.8286080973484431
1210	88-89	-0.8999945610880786
1210	90	-0.9320139298399255
1211	1	-0.10042163008704819
1211	2	-0.0617023332830513
1211	3	-0.06544019483974495
1211	4	-0.039393518907480995
1211	5	-0.02204435541773364
1211	6	-0.009140625476902642
1211	7	-0.04405814306750955
1211	8	-0.036424482192870755
1211	9	-0.07353105053483233
1211	10-11	-0.050067964118944985
1211	12-13	-0.07035656627614628
1211	14-15	-0.049748736363852686
1211	16-17	-0.14733799066431175
1211	18-19	-0.1803563069287648
1211	20-21	-0.24177312848588883
1211	22-23	-0.2572008117460598
1211	24-25	-0.25959114574804687
1211	26-27	-0.3412904893514721
1211	28-29	-0.20616964555466666
1211	30-31	-0.22862879911028244
1211	32-33	-0.18516193324637698
1211	34-35	-0.2492150895208809
1211	36-37	-0.18472740610859262
1211	38-39	-0.3134611662596285
1211	40-41	-0.41083131511256
1211	42-43	-0.3566698415327991
1211	44-45	-0.3229374317731768
1211	46-47	-0.37335274817041864
1211	48-49	-0.35893317473755815
1211	50-51	-0.4478766948456965
1211	52-53	-0.4873771811766474
1211	54-55	-0.6302978989312251
1211	56-57	-0.4293405766956724
1211	58-59	-0.3770288962670634
1211	60-61	-0.470977273563463
1211	62-63	-0.48373140437006157
1211	64-65	-0.5258752612512225
1211	66-67	-0.6665554543624381
1211	68-69	-0.5645556801464195
1211	70-71	-0.6105868207080363
1211	72-73	-0.675342897410367
1211	74-75	-0.6539960840703714
1211	76-77	-0.7336128196212002
1211	78-79	-0.7888347552150279
1211	80-81	-0.7283497603100813
1211	82-83	-0.8298533304324209
1211	84-85	-0.80549792418131
1211	86-87	-0.8765123554449659
1211	88-89	-1.0089254356488766
1211	90	-1.181162232473298
1212	1	-0.08713704580651438
1212	2	-0.08316915161863392
1212	3	-0.057451110794950466
1212	4	-0.020236963988558898
1212	5	0.0042066940248162155
1212	6	-0.005139160200961612
1212	7	-0.006080679572335157
1212	8	-0.026641136210727723
1212	9	-0.14082489970605394
1212	10-11	-0.04608209807251029
1212	12-13	-0.0724582557252802
1212	14-15	-0.049209160768057814
1212	16-17	-0.11917638615209825
1212	18-19	-0.17472822761457252
1212	20-21	-0.16739214622519683
1212	22-23	-0.22237176352691534
1212	24-25	-0.2257734183629836
1212	26-27	-0.2715085630744838
1212	28-29	-0.23317804635320982
1212	30-31	-0.19403785823136843
1212	32-33	-0.14800246530279537
1212	34-35	-0.14762151430016957
1212	36-37	-0.16293545776483143
1212	38-39	-0.24435920864396365
1212	40-41	-0.2585930009510875
1212	42-43	-0.29303760476103236
1212	44-45	-0.3235322181250808
1212	46-47	-0.39857898081626786
1212	48-49	-0.33481361102522555
1212	50-51	-0.3385730689888291
1212	52-53	-0.44626129292322503
1212	54-55	-0.42527520993954937
1212	56-57	-0.41007272390331906
1212	58-59	-0.502127443084909
1212	60-61	-0.5247932131716624
1212	62-63	-0.5039636926718671
1212	64-65	-0.4970418382369317
1212	66-67	-0.4744722386075608
1212	68-69	-0.7240688439681264
1212	70-71	-0.7021867232566734
1212	72-73	-0.6548460356598511
1212	74-75	-0.6186299140668154
1212	76-77	-0.7734933891157709
1212	78-79	-0.7037655840248789
1212	80-81	-0.696269506656094
1212	82-83	-0.7730551336332425
1212	84-85	-0.8684488777499411
1212	86-87	-0.9108841183857521
1212	88-89	-1.2231227501275868
1212	90	-1.4772515582185086
1213	1	-0.0742591656709024
1213	2	-0.08642355508078481
1213	3	-0.0544058673798844
1213	4	-0.027330784692402688
1213	5	-0.05221083665316684
1213	6	-0.010500318105343354
1213	7	0.02507993842776557
1213	8	-0.041222252247855806
1213	9	-0.05490064841796993
1213	10-11	-0.08228696214490583
1213	12-13	-0.07795544695430578
1213	14-15	-0.1380850885082765
1213	16-17	-0.0973587201456283
1213	18-19	-0.14895044122213363
1213	20-21	-0.23249554564864638
1213	22-23	-0.17664985299877856
1213	24-25	-0.28921957242601337
1213	26-27	-0.30254398460157716
1213	28-29	-0.09026869529559889
1213	30-31	-0.13051258634092733
1213	32-33	-0.1808178617377365
1213	34-35	-0.19338324805546847
1213	36-37	-0.17251875879318135
1213	38-39	-0.2531560009358813
1213	40-41	-0.17941103347221343
1213	42-43	-0.2639603054101869
1213	44-45	-0.3199141193493773
1213	46-47	-0.30428771091347073
1213	48-49	-0.26601651917805924
1213	50-51	-0.3087296130375492
1213	52-53	-0.33743489752438904
1213	54-55	-0.38037813359878214
1213	56-57	-0.3345738763099817
1213	58-59	-0.44048417109578963
1213	60-61	-0.5046113831357815
1213	62-63	-0.5437872722513575
1213	64-65	-0.5540070263928669
1213	66-67	-0.5745726777203188
1213	68-69	-0.6571193031686988
1213	70-71	-0.6788478452144275
1213	72-73	-0.6108138810470578
1213	74-75	-0.6305342396446036
1213	76-77	-0.7452880598516884
1213	78-79	-0.6307421200384624
1213	80-81	-0.7122424973452084
1213	82-83	-0.7858476405230093
1213	84-85	-0.7634960841329317
1213	86-87	-0.9203623988681429
1213	88-89	-1.2091594227383702
1213	90	-1.4347767384802879
1214	1	-0.03329694447172926
1214	2	-0.025167514455013418
1214	3	-0.05989785887287269
1214	4	0.0015597172267547421
1214	5	0.03154238666145659
1214	6	0.020078099173034047
1214	7	0.010817918606321086
1214	8	0.06630547602495085
1214	9	-0.02305479417250922
1214	10-11	-0.006936422266186071
1214	12-13	0.018194651475063495
1214	14-15	-0.03256301745273049
1214	16-17	-0.05602368183302531
1214	18-19	-0.1216786575464397
1214	20-21	-0.16361829003449202
1214	22-23	-0.1681285459358719
1214	24-25	-0.20542857313493101
1214	26-27	-0.24894075662673742
1214	28-29	-0.20168099430622277
1214	30-31	-0.1879857336234636
1214	32-33	-0.1469818843214199
1214	34-35	-0.16215081211928606
1214	36-37	-0.19662442137674674
1214	38-39	-0.22113768347080764
1214	40-41	-0.20283955285164268
1214	42-43	-0.20258069850629568
1214	44-45	-0.24132137685585775
1214	46-47	-0.38067797276100634
1214	48-49	-0.3306144980574004
1214	50-51	-0.405743616274286
1214	52-53	-0.40179580567298245
1214	54-55	-0.3972906500860489
1214	56-57	-0.3301558522971746
1214	58-59	-0.3795520506419692
1214	60-61	-0.4097762064289441
1214	62-63	-0.4520544917417837
1214	64-65	-0.5580038659205186
1214	66-67	-0.6098512031721484
1214	68-69	-0.5946223040640248
1214	70-71	-0.47513083034975523
1214	72-73	-0.4965817995695687
1214	74-75	-0.5350333937451666
1214	76-77	-0.7645794037161693
1214	78-79	-0.7128829799467837
1214	80-81	-0.6272716166212646
1214	82-83	-0.6395103921392646
1214	84-85	-0.7170092146386935
1214	86-87	-0.6737463496562839
1214	88-89	-0.8965515670298885
1214	90	-1.5785697571973998
1215	1	-0.12700455837749303
1215	2	-0.1184853924705962
1215	3	-0.06186542070561529
1215	4	-0.04827080016109164
1215	5	-0.008410439148747173
1215	6	-0.0023276998005385963
1215	7	0.00474582108429189
1215	8	5.020518550082897E-4
1215	9	-0.005118031445697113
1215	10-11	-0.09067069738919287
1215	12-13	-0.02073883454085035
1215	14-15	-0.10951401749543521
1215	16-17	-0.11509774276982654
1215	18-19	-0.13906191942672308
1215	20-21	-0.24898434706493333
1215	22-23	-0.27149740991178106
1215	24-25	-0.2890246274583106
1215	26-27	-0.36983555917172595
1215	28-29	-0.2523501012119098
1215	30-31	-0.22164944687384036
1215	32-33	-0.1695255070351891
1215	34-35	-0.19082803244915425
1215	36-37	-0.23807297006275974
1215	38-39	-0.22590085252036118
1215	40-41	-0.27696865151967387
1215	42-43	-0.28533022212321413
1215	44-45	-0.3526676059736147
1215	46-47	-0.31493798986456056
1215	48-49	-0.29537926769764056
1215	50-51	-0.34265250507611
1215	52-53	-0.32129434431781334
1215	54-55	-0.3076270423652332
1215	56-57	-0.41092162288011025
1215	58-59	-0.43910955349462455
1215	60-61	-0.4879911348753083
1215	62-63	-0.5536261764984829
1215	64-65	-0.496649845614364
1215	66-67	-0.5348964414766328
1215	68-69	-0.6171400737970885
1215	70-71	-0.5793601662299181
1215	72-73	-0.7200285383704639
1215	74-75	-0.6355627974960214
1215	76-77	-0.7344616958890811
1215	78-79	-0.6632575658138009
1215	80-81	-0.5603682054748802
1215	82-83	-0.6445429880714713
1215	84-85	-0.6882795383462508
1215	86-87	-0.8552181713190663
1215	88-89	-0.8769475517531617
1215	90	-1.0294843880080116
1216	1	-0.029662857486449923
1216	2	-0.04358934196761055
1216	3	-0.04870903031336837
1216	4	-0.017365802030845146
1216	5	0.004466507621451399
1216	6	-0.006988895455343425
1216	7	0.004647513415505955
1216	8	0.013472146499225346
1216	9	-0.03503778034292537
1216	10-11	-0.018155349036511836
1216	12-13	-0.02958285856159648
1216	14-15	-0.08647743482207915
1216	16-17	-0.17668586785519835
1216	18-19	-0.20414539811690702
1216	20-21	-0.24819584895355717
1216	22-23	-0.17888031583758845
1216	24-25	-0.17682326076445776
1216	26-27	-0.22804779347963944
1216	28-29	-0.20839896935661528
1216	30-31	-0.1696808086495949
1216	32-33	-0.16173000762545087
1216	34-35	-0.1920591866382111
1216	36-37	-0.2802222472705651
1216	38-39	-0.2599296990319502
1216	40-41	-0.20021806214890603
1216	42-43	-0.20263758593790016
1216	44-45	-0.19858499983188693
1216	46-47	-0.31377527084823953
1216	48-49	-0.24812817551844546
1216	50-51	-0.2219733240061501
1216	52-53	-0.17750797285658138
1216	54-55	-0.12763642776035056
1216	56-57	-0.20673469383516618
1216	58-59	-0.36810439560083097
1216	60-61	-0.3594243927941676
1216	62-63	-0.5160023108725724
1216	64-65	-0.4021419583249255
1216	66-67	-0.3893217937751956
1216	68-69	-0.39588481521940366
1216	70-71	-0.4039119362160477
1216	72-73	-0.4255342023314981
1216	74-75	-0.6074272513168069
1216	76-77	-0.6398253568666661
1216	78-79	-0.3395058355852498
1216	80-81	-0.5625442810273071
1216	82-83	-0.5752432781334065
1216	84-85	-0.5645038014936148
1216	86-87	-0.6246656414852723
1216	88-89	-0.6299400290439578
1216	90	-0.7532468994919483
1301	1	0.012549624165238527
1301	2	0.053897893792580476
1301	3	0.04360524429042556
1301	4	0.08397175916065436
1301	5	-0.15626455846044252
1301	6	-0.26402809604354616
1301	7	-0.3499604886471559
1301	8	-0.029874310439744534
1301	9	0.12643860569424703
1301	10-11	0.10760854830466826
1301	12-13	-0.18458732296033986
1301	14-15	0.14442488006585563
1301	16-17	0.006494413241433961
1301	18-19	0.05189838296876559
1301	20-21	0.16445738733564497
1301	22-23	0.202910413869418
1301	24-25	0.23243366392634357
1301	26-27	0.1751909585818865
1301	28-29	0.19179224398211403
1301	30-31	0.17952584825673057
1301	32-33	0.12241655176853783
1301	34-35	0.14386338144029054
1301	36-37	0.14918855908490514
1301	38-39	0.17937301580339948
1301	40-41	0.14445830787173009
1301	42-43	0.21977604735811695
1301	44-45	0.18874748458244284
1301	46-47	0.2162771398899963
1301	48-49	0.23985211015434516
1301	50-51	0.2230394675105103
1301	52-53	0.23581653866806818
1301	54-55	0.2064122474800314
1301	56-57	0.25118783165968495
1301	58-59	0.2923739756610928
1301	60-61	0.3344374482329897
1301	62-63	0.2861933640047951
1301	64-65	0.21811132758165286
1301	66-67	0.2606970987509598
1301	68-69	0.193550507459328
1301	70-71	0.23133577620994572
1301	72-73	0.2062074025703282
1301	74-75	0.2552776308996556
1301	76-77	0.2764917689355215
1301	78-79	0.18699963180694823
1301	80-81	0.18687689370752736
1301	82-83	0.1679286917347369
1301	84-85	0.14868821341363514
1301	86-87	0.10368366654616779
1301	88-89	0.09182809107077361
1301	90	0.16222390257761532
1302	1	-0.016673034882430215
1302	2	0.07317548218825465
1302	3	0.062146588845287454
1302	4	0.06044736678006757
1302	5	-0.27876013982933756
1302	6	0.017210042813665893
1302	7	0.03412887374822304
1302	8	-0.2794753580011218
1302	9	0.0075146922164250896
1302	10-11	-0.5253210886452351
1302	12-13	-0.025807695078242432
1302	14-15	0.025817755541908127
1302	16-17	-0.005435675561521691
1302	18-19	0.11132019548356453
1302	20-21	0.15213071294341773
1302	22-23	0.12883356196348217
1302	24-25	0.18914294412748944
1302	26-27	0.20346872218588885
1302	28-29	0.1326960115759448
1302	30-31	0.17400604817865428
1302	32-33	0.1259569895434538
1302	34-35	0.1066425543955063
1302	36-37	0.14047621734874838
1302	38-39	0.10996998439193106
1302	40-41	0.09853128675144518
1302	42-43	0.07371064239634251
1302	44-45	0.11412041704731735
1302	46-47	0.21828533472166356
1302	48-49	0.13849433782066
1302	50-51	0.18292321524739918
1302	52-53	0.23548708553322228
1302	54-55	0.18866770122349408
1302	56-57	0.22668208820770275
1302	58-59	0.028655624586640727
1302	60-61	0.14546518340405612
1302	62-63	0.16469653158695507
1302	64-65	0.1508305915837198
1302	66-67	0.1249327139934735
1302	68-69	0.1815770161721062
1302	70-71	0.21549663589880907
1302	72-73	0.21137727780355675
1302	74-75	0.1909092261868537
1302	76-77	0.1981126611455153
1302	78-79	0.2583493814434661
1302	80-81	0.26569814125230806
1302	82-83	0.22333177847515628
1302	84-85	0.12387852961856538
1302	86-87	0.13761985997616222
1302	88-89	0.16431534235947964
1302	90	0.23656793181589109
1303	1	0.18219147618564335
1303	2	0.12889447809441634
1303	3	0.09517615274105395
1303	4	0.06218369409112512
1303	5	0.11312890976250145
1303	6	0.039324989005415034
1303	7	0.09907849745817288
1303	8	0.09928791020666239
1303	9	-0.17244412424718547
1303	10-11	0.046004567717375267
1303	12-13	0.04474944707850881
1303	14-15	0.023150937705523233
1303	16-17	0.10611367114011472
1303	18-19	0.1277371052474905
1303	20-21	0.11874079310423014
1303	22-23	0.149832569146092
1303	24-25	0.1691428215574433
1303	26-27	0.20578394783734666
1303	28-29	0.12634596377362328
1303	30-31	0.09481286552477286
1303	32-33	0.13545892615022126
1303	34-35	0.10783203543392261
1303	36-37	0.13358447121582628
1303	38-39	0.16223679487412568
1303	40-41	0.18983249038932115
1303	42-43	0.10159361251375998
1303	44-45	0.09657420813892514
1303	46-47	0.18247790452530666
1303	48-49	0.24786432776991774
1303	50-51	0.26394600101946963
1303	52-53	0.2599642017051167
1303	54-55	0.2916285646069241
1303	56-57	0.38598288736442754
1303	58-59	0.3230471255794498
1303	60-61	0.22775154380903473
1303	62-63	0.257697781801447
1303	64-65	0.25574221857853985
1303	66-67	0.18105919402680826
1303	68-69	0.15253741378933938
1303	70-71	0.15251799985831127
1303	72-73	0.18669534708013913
1303	74-75	0.17842748912412532
1303	76-77	0.1783512437454675
1303	78-79	0.17929169997850636
1303	80-81	0.16762077503751982
1303	82-83	0.23074530530573867
1303	84-85	0.202681020241954
1303	86-87	0.2363089120194033
1303	88-89	0.3547391895881731
1303	90	0.41066446798630807
1304	1	0.13007817085100015
1304	2	0.09385069290988923
1304	3	0.08227069299661594
1304	4	0.007760496879079426
1304	5	0.07295823690038361
1304	6	0.0809454876203759
1304	7	0.05797850639392266
1304	8	0.10249137727841173
1304	9	0.13743881740235508
1304	10-11	0.07426723414575775
1304	12-13	0.08583044966987075
1304	14-15	0.16080731336452914
1304	16-17	0.0863935835697518
1304	18-19	0.09688865560045201
1304	20-21	0.1150346899856487
1304	22-23	0.14084431965989808
1304	24-25	0.11084374193989532
1304	26-27	0.10657252794636207
1304	28-29	0.08243232781615717
1304	30-31	0.1710002035642617
1304	32-33	0.11745450295300941
1304	34-35	0.09782064235019305
1304	36-37	0.07483413612513345
1304	38-39	0.07860709243465891
1304	40-41	0.07494999552737625
1304	42-43	0.09410098450911875
1304	44-45	0.08044852678784054
1304	46-47	0.11509228215017941
1304	48-49	0.14806538218864773
1304	50-51	0.08840873893386458
1304	52-53	0.10290719160772
1304	54-55	0.10616368211206151
1304	56-57	0.10334840429766956
1304	58-59	0.06853121994099354
1304	60-61	0.1333174003008537
1304	62-63	0.14391885230453028
1304	64-65	0.1836932506578961
1304	66-67	0.21588963813368167
1304	68-69	0.2273017333318279
1304	70-71	0.21806285733306652
1304	72-73	0.23974243849288968
1304	74-75	0.2289334760779269
1304	76-77	0.3221107379819088
1304	78-79	0.17938999324988458
1304	80-81	0.1877306847864233
1304	82-83	0.23098657060821637
1304	84-85	0.1811145829262557
1304	86-87	0.2245639830586299
1304	88-89	0.23827059875625167
1304	90	0.3038107462456239
1305	1	0.16272477834761645
1305	2	0.10463914747407443
1305	3	0.056099246462650854
1305	4	0.06102043135549451
1305	5	0.07593417844787353
1305	6	0.08503962876321935
1305	7	0.061473282778997884
1305	8	0.06475905540087723
1305	9	0.06770812611686239
1305	10-11	0.0384634650122635
1305	12-13	0.036954397435394526
1305	14-15	0.07271085740301686
1305	16-17	0.07068858299493996
1305	18-19	0.08320928797692062
1305	20-21	0.041560745857864845
1305	22-23	0.08435158095949902
1305	24-25	0.0522081853698424
1305	26-27	0.07179454338255908
1305	28-29	-0.03572117109779782
1305	30-31	0.03025478530018688
1305	32-33	0.04222228520899307
1305	34-35	0.08720224476230953
1305	36-37	0.10962544977917332
1305	38-39	0.1564524227822801
1305	40-41	0.0732459268781227
1305	42-43	0.04860841075620925
1305	44-45	0.060282279709831244
1305	46-47	0.05698988918971537
1305	48-49	0.027272334642113094
1305	50-51	0.031478250694839005
1305	52-53	0.0708379558699832
1305	54-55	-0.021892886546915236
1305	56-57	-0.02690668672057228
1305	58-59	0.049287512521182464
1305	60-61	0.03300238946819434
1305	62-63	-0.02275342368761102
1305	64-65	-8.511138305209442E-4
1305	66-67	0.03349614450692684
1305	68-69	0.005262971226656532
1305	70-71	-0.008292086343196559
1305	72-73	0.07634350937421175
1305	74-75	0.03538553328415617
1305	76-77	0.09036117825841927
1305	78-79	0.11520192645114946
1305	80-81	0.09176267904603463
1305	82-83	0.022879429159353037
1305	84-85	0.06237477065538144
1305	86-87	0.047759710196608296
1305	88-89	0.13481253290721185
1305	90	0.12403652992671255
1306	1	0.12721748231496832
1306	2	0.03209573412569
1306	3	0.02576192505477337
1306	4	0.025372732299111078
1306	5	0.04880433268374418
1306	6	0.04803473540350467
1306	7	0.020719838242278854
1306	8	0.05742655987543799
1306	9	0.04358154294179428
1306	10-11	0.01804032592337279
1306	12-13	0.03522817369206166
1306	14-15	0.0920684004087775
1306	16-17	0.02216105446745331
1306	18-19	0.09661337605195541
1306	20-21	0.038000900535891446
1306	22-23	-0.03437274440921101
1306	24-25	0.00207917175557526
1306	26-27	0.011199584521698114
1306	28-29	0.0225932864111158
1306	30-31	0.01758493169444364
1306	32-33	0.06219623940030772
1306	34-35	0.0985141706161059
1306	36-37	0.07976371741960975
1306	38-39	0.020592117923307285
1306	40-41	0.05816658973965616
1306	42-43	0.10321821922762098
1306	44-45	0.023691941994449905
1306	46-47	-0.04173989303681225
1306	48-49	-0.04369667882966155
1306	50-51	0.020357807323044597
1306	52-53	0.07452191117823048
1306	54-55	0.1341276684557613
1306	56-57	0.09993199041471001
1306	58-59	-0.016796575897508603
1306	60-61	0.029684058302720473
1306	62-63	0.06999492778181349
1306	64-65	0.03339203109662492
1306	66-67	0.04213679805576476
1306	68-69	0.04811905582219822
1306	70-71	-0.025677333589776197
1306	72-73	0.003621868008380602
1306	74-75	-1.5691589361210845E-4
1306	76-77	0.008360573477631306
1306	78-79	-0.02809764309832019
1306	80-81	-0.05095626113327256
1306	82-83	-0.042613185327262215
1306	84-85	-0.04184890854507728
1306	86-87	-0.019767281236923395
1306	88-89	-0.17698811072539655
1306	90	-0.28607797816919955
1307	1	0.11050646668132202
1307	2	0.05318922635049006
1307	3	0.033059453661635985
1307	4	-0.019884737058482926
1307	5	0.00768334782195268
1307	6	0.016870085168122273
1307	7	-0.013366463053877453
1307	8	0.023679347971977904
1307	9	0.036745439870799146
1307	10-11	0.012845608408184717
1307	12-13	-0.01376191860319409
1307	14-15	0.0386138510778693
1307	16-17	-0.06583117084222323
1307	18-19	-0.007737628170424671
1307	20-21	-0.08247512411813318
1307	22-23	-0.03106433854560464
1307	24-25	-0.09869403327878246
1307	26-27	-0.02354809337587227
1307	28-29	-0.02255692308317947
1307	30-31	-0.0737652938406157
1307	32-33	0.002269346667276295
1307	34-35	0.004995498871899429
1307	36-37	-0.005005178945935995
1307	38-39	0.07561967655075108
1307	40-41	0.08494840805068549
1307	42-43	0.010203917574102661
1307	44-45	-0.026156990635392674
1307	46-47	-0.02517258429998037
1307	48-49	0.020233956069546366
1307	50-51	7.681867072264481E-4
1307	52-53	0.05847237366976543
1307	54-55	0.10996582332214189
1307	56-57	0.10501848359078991
1307	58-59	0.056688105688415646
1307	60-61	0.08456760546204123
1307	62-63	0.06647205295351455
1307	64-65	-0.014812368740528825
1307	66-67	0.0013233286941130018
1307	68-69	0.03845120098900878
1307	70-71	0.045697328716784114
1307	72-73	0.04167754567446735
1307	74-75	0.06692313864495247
1307	76-77	-0.00296359090559406
1307	78-79	-0.012521409406851092
1307	80-81	-0.09878329711634137
1307	82-83	-0.08277147103748206
1307	84-85	-0.13597393100721433
1307	86-87	-0.08068007130302846
1307	88-89	0.0463898693779754
1307	90	0.02494598042534335
1308	1	0.08596199860806308
1308	2	0.02228584813244794
1308	3	4.938310273416846E-4
1308	4	-0.016154896174207067
1308	5	-0.004657715795744366
1308	6	0.0013666735386337336
1308	7	0.02497833602344457
1308	8	0.01956953970650943
1308	9	-0.001081732663180901
1308	10-11	0.015264175538852953
1308	12-13	-0.006546250743042492
1308	14-15	-0.04153272783609907
1308	16-17	-0.0332820030931984
1308	18-19	-0.0038779040606513604
1308	20-21	-0.03825327213083085
1308	22-23	-0.10031030847832056
1308	24-25	-0.13798970398844546
1308	26-27	-0.12308504889099225
1308	28-29	-0.12701398962864374
1308	30-31	-0.02482174262554082
1308	32-33	-0.03985049406147567
1308	34-35	-0.08074664404581
1308	36-37	3.5138788271638077E-4
1308	38-39	0.027178802013729353
1308	40-41	-0.005347223026767267
1308	42-43	-0.1210330734093219
1308	44-45	-0.007341230668018284
1308	46-47	-0.008122764626456558
1308	48-49	-0.08544423353187369
1308	50-51	-0.07406020338793695
1308	52-53	-0.022905763105448784
1308	54-55	-0.03218918470713561
1308	56-57	0.017294329675401343
1308	58-59	0.028051086912284973
1308	60-61	-0.039801577949234
1308	62-63	-0.006345329425407442
1308	64-65	-0.01266340085815898
1308	66-67	0.08105532476701427
1308	68-69	0.022932939828912424
1308	70-71	0.09628225473753105
1308	72-73	0.007683659065683912
1308	74-75	-0.0337589364164117
1308	76-77	-0.16474681886244014
1308	78-79	-0.07635522710577902
1308	80-81	-0.08637300257891667
1308	82-83	-0.11366441445023412
1308	84-85	-0.20463234113419304
1308	86-87	-0.24813025137866873
1308	88-89	-0.2475750004453161
1308	90	-0.11595910849876034
1309	1	0.031042746874248905
1309	2	-0.029530016728543274
1309	3	-0.034229293570646746
1309	4	-0.01172350683572887
1309	5	-0.05243211586441987
1309	6	-0.011854616891604053
1309	7	0.036038049775612535
1309	8	0.030595564763629568
1309	9	-0.0083779379116109
1309	10-11	-0.046141574149039855
1309	12-13	-0.07054038242773686
1309	14-15	-0.033713709398952574
1309	16-17	-0.08708839838613613
1309	18-19	-0.07994403094210867
1309	20-21	-0.02869103560613695
1309	22-23	-0.08201572647497812
1309	24-25	-0.14842887787091996
1309	26-27	-0.20379417529598953
1309	28-29	-0.05921774985667838
1309	30-31	-0.09520012756593133
1309	32-33	-0.08273276523347306
1309	34-35	0.019699097658936182
1309	36-37	-0.08795159272212061
1309	38-39	-0.07654299340317294
1309	40-41	-0.0742654534922167
1309	42-43	-0.12051905071100322
1309	44-45	-0.07767335503881867
1309	46-47	-0.1607213072515492
1309	48-49	-0.11868500643893753
1309	50-51	-0.16724578576577898
1309	52-53	-0.12187205054348027
1309	54-55	-0.08880873336308781
1309	56-57	-0.03880721846254431
1309	58-59	-0.06785232848297795
1309	60-61	-0.1926580404378484
1309	62-63	-0.0891320072063948
1309	64-65	-0.20441645741971115
1309	66-67	-0.21591297751034944
1309	68-69	-0.1810266702740435
1309	70-71	-0.12229451674026848
1309	72-73	-0.19337479455249706
1309	74-75	-0.17677201401424725
1309	76-77	-0.20580091357599883
1309	78-79	-0.1214471034452913
1309	80-81	-0.1592952277574895
1309	82-83	-0.18858709005551333
1309	84-85	-0.20847241038950415
1309	86-87	-0.21334436562577963
1309	88-89	-0.12372970993336452
1309	90	-0.14229757852323743
1310	1	0.037137805825537384
1310	2	-5.662213515691406E-4
1310	3	-0.04189102177418391
1310	4	-0.04549289870665518
1310	5	-0.011171644254119428
1310	6	-0.04007424922173186
1310	7	-0.019936391738504255
1310	8	-0.007354229682540847
1310	9	-0.027264068845518352
1310	10-11	-0.06162225014966083
1310	12-13	-0.07175072605168964
1310	14-15	-0.09230309622799382
1310	16-17	-0.021688441048247853
1310	18-19	-0.08202051248104425
1310	20-21	-0.12326751714508077
1310	22-23	-0.13775659290377007
1310	24-25	-0.1513562262264898
1310	26-27	-0.1367649614424309
1310	28-29	-0.08846272736210636
1310	30-31	-0.031064471732854315
1310	32-33	-0.05671861886362706
1310	34-35	-0.09736187038325994
1310	36-37	-0.15043777601408692
1310	38-39	-0.16712348905939223
1310	40-41	-0.09227623537244511
1310	42-43	-0.09905346158596018
1310	44-45	-0.022035556404013334
1310	46-47	-0.05710874713674485
1310	48-49	-0.10755378164836316
1310	50-51	-0.19307789094728633
1310	52-53	-0.11194239455527111
1310	54-55	-0.1536705178030502
1310	56-57	-0.19606957108432965
1310	58-59	-0.18830372275849783
1310	60-61	-0.1316199935870941
1310	62-63	-0.13933693080242193
1310	64-65	-0.1714149836375256
1310	66-67	-0.16830152273219312
1310	68-69	-0.1995955501995823
1310	70-71	-0.23688859640207482
1310	72-73	-0.2173381536123813
1310	74-75	-0.17174564106978352
1310	76-77	-0.17095536982793647
1310	78-79	-0.2196539371406061
1310	80-81	-0.22822193618132047
1310	82-83	-0.32687978125935757
1310	84-85	-0.3772345787885172
1310	86-87	-0.31336603604153623
1310	88-89	-0.16392857356972712
1310	90	-0.2257854973876512
1311	1	0.002525266884724431
1311	2	-0.008361197987085234
1311	3	0.018097295982826722
1311	4	0.022953362975584923
1311	5	0.0010479819141053781
1311	6	0.01775480062250523
1311	7	-4.990864425522545E-4
1311	8	-0.02001680756415425
1311	9	-0.016703321181971376
1311	10-11	-0.014162651240006596
1311	12-13	-0.021574518886581018
1311	14-15	-0.022022235636100618
1311	16-17	-0.08504805942830984
1311	18-19	-0.06691926637512324
1311	20-21	-0.10491860748776105
1311	22-23	-0.13021862561404873
1311	24-25	-0.11235651828256721
1311	26-27	-0.14524188901252444
1311	28-29	-0.026637376894818487
1311	30-31	-0.09224681207552976
1311	32-33	-0.032046208427487954
1311	34-35	-0.10651296072593652
1311	36-37	-0.08322350420722557
1311	38-39	-0.07962640962013978
1311	40-41	0.004113951543438077
1311	42-43	-0.07774553713112908
1311	44-45	-0.11625479316413845
1311	46-47	-0.15189992704328859
1311	48-49	-0.16668637510630901
1311	50-51	-0.15118342054230283
1311	52-53	-0.14511363676710687
1311	54-55	-0.2064065964634807
1311	56-57	-0.07131587170738385
1311	58-59	-0.1450672546899554
1311	60-61	-0.17735013377400577
1311	62-63	-0.16987188017937882
1311	64-65	-0.18137214874655427
1311	66-67	-0.14022373846427882
1311	68-69	-0.21413604864194724
1311	70-71	-0.13959254889428507
1311	72-73	-0.11885733196128712
1311	74-75	-0.14292944169282862
1311	76-77	-0.20133017512388562
1311	78-79	-0.2766808062994812
1311	80-81	-0.17812701795701713
1311	82-83	-0.13187540041823098
1311	84-85	-0.20739569638976008
1311	86-87	-0.3131669511505706
1311	88-89	-0.2802009645354602
1311	90	-0.347838651593257
1312	1	-0.011670697418210807
1312	2	-0.02613957244826537
1312	3	-0.05063947713408368
1312	4	-0.026822447671747796
1312	5	-0.014776061924798967
1312	6	-0.01417507560418585
1312	7	-0.04991573217718326
1312	8	-0.02193360487562046
1312	9	-0.038530673726583586
1312	10-11	-0.06913610364053824
1312	12-13	-0.10326360448851091
1312	14-15	-0.11538750115539642
1312	16-17	-0.12595850206152903
1312	18-19	-0.12630302715512443
1312	20-21	-0.16124094933537947
1312	22-23	-0.20015126775702896
1312	24-25	-0.16318831419373936
1312	26-27	-0.22179136513411635
1312	28-29	-0.24817861012392228
1312	30-31	-0.1423288079237679
1312	32-33	-0.17162927108790882
1312	34-35	-0.18001170047284631
1312	36-37	-0.07161358501933535
1312	38-39	-0.09645533567663023
1312	40-41	-0.11531415628687824
1312	42-43	-0.19000983515716285
1312	44-45	-0.17938553323440942
1312	46-47	-0.1846141051070873
1312	48-49	-0.21522069931904753
1312	50-51	-0.1732661439593386
1312	52-53	-0.243507066705412
1312	54-55	-0.20703672300848552
1312	56-57	-0.2983557349706416
1312	58-59	-0.21378425063925022
1312	60-61	-0.2042294699541003
1312	62-63	-0.22503776297728706
1312	64-65	-0.36585775472185844
1312	66-67	-0.2559660751727222
1312	68-69	-0.2236602706197246
1312	70-71	-0.37572543413763526
1312	72-73	-0.3688652717001091
1312	74-75	-0.35086210693323494
1312	76-77	-0.4190899272885531
1312	78-79	-0.37361072583384214
1312	80-81	-0.2667831521992312
1312	82-83	-0.42077319143853487
1312	84-85	-0.5024503939723246
1312	86-87	-0.63836927013174
1312	88-89	-0.6093926413794257
1312	90	-0.6369147258399188
1313	1	-0.021885119105803597
1313	2	-0.08322366337171161
1313	3	-0.054118287566062406
1313	4	-0.04784680471825453
1313	5	0.04047086413770273
1313	6	0.031137415410555036
1313	7	0.006164271978306601
1313	8	0.026279905959817995
1313	9	0.00451194580202241
1313	10-11	-0.030935980314446
1313	12-13	-0.03612200694885104
1313	14-15	-0.045863660387290395
1313	16-17	-0.10760839451177873
1313	18-19	-0.09573503796166705
1313	20-21	-0.17005421229308126
1313	22-23	-0.1860275915305607
1313	24-25	-0.137942805033326
1313	26-27	-0.1897323763798724
1313	28-29	-0.1861627006608515
1313	30-31	-0.09613737568463421
1313	32-33	-0.11993864670921539
1313	34-35	-0.15428512335854094
1313	36-37	-0.10018292210807545
1313	38-39	-0.07306938088118642
1313	40-41	-0.05639700131691683
1313	42-43	-0.15026860691705934
1313	44-45	-0.18639835011777706
1313	46-47	-0.20506529085050573
1313	48-49	-0.21154533260961728
1313	50-51	-0.2722491985457012
1313	52-53	-0.26750955773805885
1313	54-55	-0.23373693716527555
1313	56-57	-0.24375428652528086
1313	58-59	-0.26057232780885187
1313	60-61	-0.27266725480161824
1313	62-63	-0.24445818309110479
1313	64-65	-0.18980413530062634
1313	66-67	-0.16746276968062546
1313	68-69	-0.2203759896258859
1313	70-71	-0.1604874959290825
1313	72-73	-0.2570084408415525
1313	74-75	-0.2868814360041725
1313	76-77	-0.4787747358639507
1313	78-79	-0.2709457055263229
1313	80-81	-0.18232749194879005
1313	82-83	-0.154489399431462
1313	84-85	-0.30951786952699933
1313	86-87	-0.3376196883912499
1313	88-89	-0.3163254876679886
1313	90	-0.6359129958618652
1314	1	-0.00756901515262598
1314	2	-0.06891797850321524
1314	3	-0.09028574647427234
1314	4	-0.012569567423973638
1314	5	0.04716348339891141
1314	6	7.499202645817604E-4
1314	7	-0.051155055226665525
1314	8	0.0013510725321665973
1314	9	-0.017670097759697967
1314	10-11	-0.01272618932222258
1314	12-13	-0.04711686339403798
1314	14-15	-0.10192537591117201
1314	16-17	-0.061294812164824464
1314	18-19	-0.11166600617529099
1314	20-21	-0.1130122110854046
1314	22-23	-0.23314137835439652
1314	24-25	-0.2279590503575264
1314	26-27	-0.25162985878171185
1314	28-29	-0.19866180072414608
1314	30-31	-0.08293038798938568
1314	32-33	-0.07366354926965357
1314	34-35	-0.10808549388372057
1314	36-37	-0.16661284714604108
1314	38-39	-0.14264957718612692
1314	40-41	-0.12894072322234962
1314	42-43	-0.15201192628912708
1314	44-45	-0.17056312484448455
1314	46-47	-0.16877482103708985
1314	48-49	-0.22679699527493824
1314	50-51	-0.1866169943001026
1314	52-53	-0.14646912671460655
1314	54-55	-0.03525844267232259
1314	56-57	-0.1381050024900432
1314	58-59	-0.3166260178215552
1314	60-61	-0.22400637470059337
1314	62-63	-0.20920394287563937
1314	64-65	-0.2190799328839077
1314	66-67	-0.20231831564207425
1314	68-69	-0.16026688209745998
1314	70-71	-0.16280874597143935
1314	72-73	-0.17757207202209457
1314	74-75	-0.2336958102484914
1314	76-77	-0.4210679313474728
1314	78-79	-0.27401778672534505
1314	80-81	-0.22277625600598583
1314	82-83	-0.2719992156641595
1314	84-85	-0.3317309356787064
1314	86-87	-0.3737907611261235
1314	88-89	-0.5212018164180776
1314	90	-0.5640605473722715
1315	1	-0.031462654297165216
1315	2	-0.05858194221046631
1315	3	-0.11140789293982323
1315	4	-0.03528584349193409
1315	5	0.024518539794961214
1315	6	-2.6213265731200863E-4
1315	7	-0.022585931615807908
1315	8	-0.00271657630830191
1315	9	-0.0022947436921469944
1315	10-11	-0.019268914260088366
1315	12-13	-0.039421354886044924
1315	14-15	-0.06420206095192782
1315	16-17	-0.10092348706051979
1315	18-19	-0.12562480695957134
1315	20-21	-0.15029205702237647
1315	22-23	-0.1768114241921097
1315	24-25	-0.1746278903369145
1315	26-27	-0.28117159487801047
1315	28-29	-0.15218780404922683
1315	30-31	-0.18577977081260144
1315	32-33	-0.11141474616424318
1315	34-35	-0.14621156363479315
1315	36-37	-0.15839885730242997
1315	38-39	-0.15663460869129864
1315	40-41	-0.14887899610864963
1315	42-43	-0.16856553980682065
1315	44-45	-0.2894166913733329
1315	46-47	-0.1930529572594395
1315	48-49	-0.13911628164836998
1315	50-51	-0.2523148541374738
1315	52-53	-0.262518506518461
1315	54-55	-0.24912968191348028
1315	56-57	-0.18862900359966517
1315	58-59	-0.24099256478303488
1315	60-61	-0.2789397788631618
1315	62-63	-0.20117838018892797
1315	64-65	-0.2948122229013208
1315	66-67	-0.3403020978855693
1315	68-69	-0.26755567289897186
1315	70-71	-0.3162070396536052
1315	72-73	-0.251313422017283
1315	74-75	-0.1855493220513722
1315	76-77	-0.2542433299506399
1315	78-79	-0.3058004095332407
1315	80-81	-0.3121703640954294
1315	82-83	-0.3698907091734682
1315	84-85	-0.3296588502609126
1315	86-87	-0.4480794179433758
1315	88-89	-0.5238691410543908
1315	90	-0.6612897151790591
1316	1	0.039997367892326
1316	2	0.011297948465696095
1316	3	0.0030798351886431874
1316	4	0.0016865278843951614
1316	5	0.08410718372319792
1316	6	0.09015850125085478
1316	7	0.05378013315122132
1316	8	0.038040185881420996
1316	9	0.056875817732930045
1316	10-11	0.07980881081442703
1316	12-13	0.020350526311261774
1316	14-15	-0.0069105513319698275
1316	16-17	-0.01734081187370151
1316	18-19	-0.019775710968751525
1316	20-21	-0.056581946886723244
1316	22-23	-0.08259335251309352
1316	24-25	-0.12992949733550319
1316	26-27	-0.1939015595835798
1316	28-29	-0.05320575666267047
1316	30-31	-0.05544134240077625
1316	32-33	-0.11686856766640119
1316	34-35	-0.04878751625597033
1316	36-37	-0.06293629917098542
1316	38-39	-0.054694574440617316
1316	40-41	-0.052822076582280886
1316	42-43	-0.03756509910959238
1316	44-45	-0.12387747511856873
1316	46-47	-0.15561940009830266
1316	48-49	-0.12452901006676598
1316	50-51	-0.16883442843941765
1316	52-53	-0.14737176207260205
1316	54-55	-0.15592782325358456
1316	56-57	-0.08809678437985013
1316	58-59	-0.14068291699290114
1316	60-61	-0.11512227777108563
1316	62-63	-0.14064610298264313
1316	64-65	-0.12122516007104167
1316	66-67	-0.1405249592476281
1316	68-69	-0.1463646113211965
1316	70-71	-0.06708166902337354
1316	72-73	-0.22969509674407362
1316	74-75	-0.21840600653922593
1316	76-77	-0.2572477059968108
1316	78-79	-0.14629342989422867
1316	80-81	-0.044445057636892216
1316	82-83	-0.09972368878928961
1316	84-85	-0.10816567913508379
1316	86-87	-0.13093426619276727
1316	88-89	-0.07195964634855301
1316	90	0.0023983794239441636
2101	1	-0.234566917966049
2101	2	-0.08109647088075889
2101	3	-0.0010835829794544338
2101	4	0.04440116908995151
2101	5	-0.7661355488366652
2101	6	-0.622272538612819
2101	7	-0.47553942061483667
2101	8	-0.47204172968253744
2101	9	-0.8011686513941711
2101	10-11	-0.09466789908248785
2101	12-13	-0.14287184187089963
2101	14-15	0.14390462897601708
2101	16-17	0.2291709829944395
2101	18-19	0.25775820691632134
2101	20-21	0.1979000911411788
2101	22-23	0.21648834589095856
2101	24-25	0.2936328862970541
2101	26-27	0.38307035321544447
2101	28-29	0.22580496723927723
2101	30-31	0.1815700033142278
2101	32-33	0.17637057997504257
2101	34-35	0.22037981197706813
2101	36-37	0.21373016576244197
2101	38-39	0.27800774917036364
2101	40-41	0.2768770916834242
2101	42-43	0.24973567447806744
2101	44-45	0.15719270787722195
2101	46-47	0.29530542816143424
2101	48-49	0.3055478740327402
2101	50-51	0.321713775719374
2101	52-53	0.3600825779808261
2101	54-55	0.4132773596294612
2101	56-57	0.4341742691542194
2101	58-59	0.49207773125908005
2101	60-61	0.4907313089866676
2101	62-63	0.4580340869314128
2101	64-65	0.4703136729852062
2101	66-67	0.5811706798729546
2101	68-69	0.5644487059209453
2101	70-71	0.5287270854874464
2101	72-73	0.5856207878502673
2101	74-75	0.5676140576119479
2101	76-77	0.7963718037439378
2101	78-79	0.4488579115725173
2101	80-81	0.34443137125747825
2101	82-83	0.3785974040827611
2101	84-85	0.4112914923037607
2101	86-87	0.43911522965212413
2101	88-89	0.5179697707491684
2101	90	0.8369599122168694
2102	1	0.017238858296558135
2102	2	0.06106568072286933
2102	3	0.07396849622460167
2102	4	-0.008043996937288966
2102	5	0.08423866691122583
2102	6	0.07186100093080228
2102	7	0.048724758353017705
2102	8	0.08775082675431634
2102	9	0.10660414347906766
2102	10-11	-0.22474200686107082
2102	12-13	0.048295605552951315
2102	14-15	-0.0628973038240872
2102	16-17	0.009306639793727811
2102	18-19	0.13100724834873034
2102	20-21	0.1095024645510776
2102	22-23	0.1307716636551035
2102	24-25	0.22844081083879786
2102	26-27	0.2738679511567099
2102	28-29	0.18892687757993087
2102	30-31	0.17199122152523216
2102	32-33	0.2391165893425935
2102	34-35	0.21333825164236941
2102	36-37	0.18736299808597323
2102	38-39	0.2543078333933195
2102	40-41	0.1925979257013708
2102	42-43	0.2255370852413776
2102	44-45	0.22269865653070298
2102	46-47	0.22065770725617995
2102	48-49	0.25978548772319954
2102	50-51	0.2805809711637508
2102	52-53	0.3485086235960395
2102	54-55	0.3681397514159812
2102	56-57	-0.5071180381374134
2102	58-59	0.1796202209571831
2102	60-61	0.35004832550991694
2102	62-63	0.3966502374404044
2102	64-65	0.3746779083697973
2102	66-67	0.4332883377010006
2102	68-69	0.4679258042848602
2102	70-71	0.5029217872159819
2102	72-73	0.5677938819275923
2102	74-75	0.639206158808193
2102	76-77	0.7607638568346573
2102	78-79	0.5129455900100979
2102	80-81	0.4133511457283845
2102	82-83	0.4547003552568114
2102	84-85	0.5220716864646846
2102	86-87	0.5401680358010523
2102	88-89	0.6500652870159982
2102	90	0.8374338818069802
2103	1	0.09741259517251422
2103	2	0.08773679926233768
2103	3	0.10475921897213425
2103	4	-0.07018030466512926
2103	5	0.043076775848199134
2103	6	0.07435980885831839
2103	7	0.053895424391498636
2103	8	0.03472926038667623
2103	9	0.06237481168412273
2103	10-11	0.05960776602548634
2103	12-13	0.03991258646712481
2103	14-15	-0.19933011435919923
2103	16-17	0.0050561233513946036
2103	18-19	0.13613853055236547
2103	20-21	0.15067771306858901
2103	22-23	0.16020355229635896
2103	24-25	0.1397438245559357
2103	26-27	0.22807267585820057
2103	28-29	0.16623191979407892
2103	30-31	0.0660879977976947
2103	32-33	0.09725092108521238
2103	34-35	0.11300150608379056
2103	36-37	0.1014343557192916
2103	38-39	0.23224370549372253
2103	40-41	0.19351183263838578
2103	42-43	0.1156022053565593
2103	44-45	0.1420456578602085
2103	46-47	0.16686352001643456
2103	48-49	0.2054067397178727
2103	50-51	0.267219844532697
2103	52-53	0.23870456414169183
2103	54-55	0.24753965560952906
2103	56-57	-0.37905172200216697
2103	58-59	0.10889924707297638
2103	60-61	0.1918337755973809
2103	62-63	0.3205302355382287
2103	64-65	0.3195604150985645
2103	66-67	0.3399275342193562
2103	68-69	0.3940239201585314
2103	70-71	0.28418869633039634
2103	72-73	0.3183128488703204
2103	74-75	0.38823028429886364
2103	76-77	0.5045371256580751
2103	78-79	0.27085407519764715
2103	80-81	0.16936989537149572
2103	82-83	0.1970016417770566
2103	84-85	0.2839897948949073
2103	86-87	0.4480725642443488
2103	88-89	0.533097363083904
2103	90	0.7107704197053408
2104	1	0.2072962500236173
2104	2	0.16701715817541185
2104	3	0.15212690135959406
2104	4	0.11607491356237176
2104	5	0.1543438768101808
2104	6	0.16976176334294024
2104	7	0.121064624521658
2104	8	0.14362715427903083
2104	9	0.16014908710422304
2104	10-11	0.13780183059683537
2104	12-13	0.18924636374875092
2104	14-15	0.21467503108168273
2104	16-17	0.226718109210438
2104	18-19	0.13037231826545082
2104	20-21	0.15723506969897016
2104	22-23	0.26493164619453324
2104	24-25	0.20125290625688308
2104	26-27	0.34912576749326973
2104	28-29	0.2362626514257684
2104	30-31	0.2492121127091309
2104	32-33	0.1997844068200365
2104	34-35	0.21484249029671076
2104	36-37	0.153096615153693
2104	38-39	0.2497789961586463
2104	40-41	0.27683777054033243
2104	42-43	0.2038353734103424
2104	44-45	0.32324206739495764
2104	46-47	0.446851549426448
2104	48-49	0.28944986764948766
2104	50-51	0.4634358747585523
2104	52-53	0.35900977192661543
2104	54-55	0.3584769092109923
2104	56-57	0.47388862366807416
2104	58-59	0.47109033211955165
2104	60-61	0.44539820670854624
2104	62-63	0.6407994559307539
2104	64-65	0.7477452159190179
2104	66-67	0.552169075013552
2104	68-69	0.4904062975461656
2104	70-71	0.7767391059260831
2104	72-73	0.7960772889227314
2104	74-75	0.7072639672081209
2104	76-77	0.769382536676126
2104	78-79	0.6011438270870428
2104	80-81	0.5379822166272561
2104	82-83	0.6446188560281527
2104	84-85	0.5700932344043892
2104	86-87	0.5741913595608281
2104	88-89	0.6704314134960541
2104	90	0.8133338207941705
>>END_MODULE
>>Per sequence quality scores	pass
#Quality	Count
15	4.0
16	20.0
17	80.0
18	234.0
19	447.0
20	628.0
21	887.0
22	1168.0
23	1583.0
24	1898.0
25	2485.0
26	3284.0
27	4496.0
28	6182.0
29	8302.0
30	11730.0
31	16499.0
32	23603.0
33	34494.0
34	52403.0
35	83651.0
36	155009.0
37	361604.0
38	622275.0
39	270854.0
40	2847.0
>>END_MODULE
>>Per base sequence content	pass
#Base	G	A	T	C
1	18.089393336579594	33.482745565634744	28.443859662850407	19.984001434935255
2	19.642196071560786	33.747173250565346	30.988733802253236	15.621896875620624
3	17.323856535228693	31.886633622673276	31.94975361004928	18.839756232048753
4	18.19961636007673	31.464713707057257	31.391393721721254	18.944276211144757
5	18.91583621683276	31.505453698909257	31.604033679193265	17.97467640506472
6	18.910676217864754	31.20887375822525	31.163213767357245	18.71723625655275
7	19.078496184300764	31.28633374273325	31.48439370312126	18.150776369844728
8	18.348236330352734	31.088513782297245	31.93229361354128	18.630956273808746
9	18.604376279124743	30.60101387979722	31.99601360079728	18.79859624028075
10-11	18.79853624029275	31.182113763577245	31.379543724091256	18.639806272038744
12-13	18.678506264298747	31.179713764057247	31.386683722663257	18.755096248980752
14-15	18.630356273928744	31.418603716279257	31.323173735365252	18.627866274426747
16-17	18.634226273154745	31.322993735401255	31.453643709271255	18.589136282172745
18-19	18.680546263890747	31.161833767633247	31.343963731207253	18.813656237268752
20-21	18.80333623933275	31.076873784625242	31.29095374180925	18.828836234232753
22-23	18.800876239824753	31.196693760661248	31.229573754085248	18.772856245428752
24-25	18.80045623990875	31.111703777659244	31.22708375458325	18.860756227848753
26-27	18.887096222580755	31.10315377936924	31.177913764417248	18.831836233632753
28-29	18.880796223840754	31.075193784961243	31.208663758267246	18.835346232930753
30-31	18.887126222574754	31.00325379934924	31.089383782123242	19.020236195952762
32-33	18.95273620945276	31.08302378339524	31.064783787043243	18.899456220108757
34-35	18.940556211888758	31.133633773273246	31.071413785717244	18.854396229120756
36-37	18.920023280791547	30.993783788648816	31.084236864053377	19.001956066506263
38-39	18.98634605045889	31.0476748204754	31.077615586959027	18.888363542106678
40-41	18.985734681455085	31.096570425541554	31.056250373125483	18.861444519877875
42-43	18.933866213226757	31.046513790697244	31.036913792617245	18.98270620345876
44-45	18.961376207724758	31.06745378650924	31.063793787241245	18.907376218524757
46-47	18.93926621214676	31.085453782909244	31.106423778715243	18.868856226228754
48-49	18.90645189064519	31.02552310255231	31.06197310619731	19.00605190060519
50-51	18.998692579865732	30.992967291696296	31.060198327054238	18.94814180138374
52-53	18.936030297648475	31.091389746223598	31.08133973014357	18.89124022598436
54-55	18.93027858084941	31.045719278159613	31.053249949895527	18.970752191095446
56-57	19.008252065716515	31.015898711938522	31.06654034259903	18.90930887974593
58-59	18.926752233445324	31.127983264647707	31.097712989188203	18.847551512718766
60-61	18.916806742605175	31.025967873984754	31.054258063529026	19.00296731988104
62-63	19.00307619938476	31.055483788903242	31.030433793913243	18.911006217798757
64-65	18.93576757430703	31.12114244845698	31.098762439504974	18.844327537731015
66-67	18.89789622042076	31.016393796721243	31.076093784781243	19.00961619807676
68-69	18.98975620204876	31.021253795749242	31.080893783821246	18.908096218380756
70-71	18.964875859503437	31.098994395977584	31.086544346177387	18.849585398341592
72-73	18.947666210466757	31.02047379590524	31.060223787955245	18.97163620567276
74-75	19.001957217223513	31.070283418494082	30.996482769048367	18.93127659523404
76-77	18.899936220012755	31.147583770483244	31.078793784241242	18.873686225262755
78-79	18.890816221836758	31.03967379206524	31.106183778763246	18.963326207334756
80-81	18.936296212740757	31.05812378837524	31.123343775331247	18.882236223552756
82-83	18.925916214816755	31.06100378779924	31.108733778253246	18.904346219130755
84-85	18.882806223438756	31.01114379777124	31.139213772157248	18.96683620663276
86-87	18.979632429111305	31.033222741862467	31.05266300041791	18.93448182860832
88-89	18.91593189159319	31.083303108330313	31.13748311374831	18.86328188632819
90	18.933476213304758	30.914573817085238	31.133753773249246	19.018196196360762
>>END_MODULE
>>Per sequence GC content	pass
#GC Content	Count
0	1.0
1	0.5
2	0.0
3	0.5
4	1.5
5	1.0
6	1.5
7	2.5
8	5.0
9	18.5
10	29.0
11	39.0
12	65.0
13	117.5
14	219.0
15	392.0
16	678.5
17	1231.0
18	2005.5
19	2995.0
20	3584.0
21	4359.0
22	6239.5
23	8897.0
24	12561.5
25	16804.0
26	21658.0
27	28418.0
28	36762.5
29	46371.0
30	51671.0
31	57227.0
32	68776.5
33	81015.0
34	92740.5
35	102527.5
36	110857.5
37	117669.0
38	120412.0
39	118457.5
40	116548.0
41	112480.0
42	102095.0
43	89210.5
44	75055.0
45	60569.5
46	47332.5
47	35549.5
48	25998.5
49	18751.5
50	15612.0
51	13129.5
52	8899.0
53	5967.5
54	3994.5
55	2668.5
56	1824.0
57	1241.0
58	840.0
59	592.5
60	471.0
61	389.5
62	251.5
63	151.5
64	80.0
65	36.5
66	16.5
67	8.0
68	4.0
69	3.0
70	2.0
71	1.0
72	0.0
73	0.0
74	0.0
75	0.0
76	0.0
77	0.0
78	0.0
79	0.0
80	0.0
81	0.0
82	0.0
83	0.0
84	0.0
85	0.0
86	0.0
87	0.0
88	0.0
89	0.0
90	0.0
91	0.0
92	0.0
93	0.0
94	0.0
95	0.0
96	0.0
97	0.0
98	0.0
99	0.0
100	0.0
>>END_MODULE
>>Per base N content	pass
#Base	N-Count
1	0.31607993678401264
2	0.0
3	0.0
4	0.0
5	0.0
6	0.0
7	0.0
8	0.0
9	0.0
10-11	0.0
12-13	0.0
14-15	0.0
16-17	0.0
18-19	0.0
20-21	0.0
22-23	0.0
24-25	0.0
26-27	0.0
28-29	0.0
30-31	0.0
32-33	0.0
34-35	0.0
36-37	0.0034199993160001366
38-39	0.0025799994840001034
40-41	1.49999970000006E-4
42-43	0.0
44-45	0.0
46-47	0.0
48-49	2.99999940000012E-5
50-51	0.0015599996880000624
52-53	1.799999640000072E-4
54-55	0.008939998212000358
56-57	0.0032399993520001295
58-59	9.299998140000372E-4
60-61	6.899998620000276E-4
62-63	0.0
64-65	5.99999880000024E-5
66-67	0.0
68-69	0.0
70-71	4.199999160000168E-4
72-73	0.0
74-75	8.99999820000036E-4
76-77	0.0
78-79	0.0
80-81	0.0
82-83	0.0
84-85	0.0
86-87	0.001349999730000054
88-89	2.99999940000012E-5
90	0.0
>>END_MODULE
>>Sequence Length Distribution	pass
#Length	Count
90	1666667.0
>>END_MODULE
>>Sequence Duplication Levels	pass
#Total Deduplicated Percentage	82.79047365527589
#Duplication Level	Percentage of deduplicated	Percentage of total
1	84.09214348568088	69.62028389866943
2	12.791663803114739	21.180558101978335
3	2.1731558085890157	5.39749796159396
4	0.5477991930080556	1.8141021862845927
5	0.20520328760612094	0.8494438688265278
6	0.08934011078360296	0.4437906052913585
7	0.0448256509023939	0.2597795809080665
8	0.02349068600680243	0.15558440167924276
9	0.013261511587306297	0.09881341431282162
>10	0.019116462721060892	0.1801459804556701
>50	0.0	0.0
>100	0.0	0.0
>500	0.0	0.0
>1k	0.0	0.0
>5k	0.0	0.0
>10k+	0.0	0.0
>>END_MODULE
>>Overrepresented sequences	pass
>>END_MODULE
>>Adapter Content	pass
#Position	Illumina Universal Adapter	Illumina Small RNA 3' Adapter	Illumina Small RNA 5' Adapter	Nextera Transposase Sequence	SOLID Small RNA Adapter
1	0.0	0.0	0.0	0.0	0.0
2	0.0	0.0	0.0	0.0	0.0
3	0.0	0.0	0.0	0.0	0.0
4	0.0	0.0	0.0	0.0	0.0
5	0.0	0.0	0.0	0.0	0.0
6	0.0	0.0	0.0	0.0	0.0
7	0.0	0.0	0.0	0.0	0.0
8	0.0	0.0	0.0	0.0	0.0
9	0.0	0.0	0.0	0.0	0.0
10-11	0.0	0.0	0.0	0.0	0.0
12-13	0.0	0.0	0.0	0.0	0.0
14-15	0.0	0.0	0.0	0.0	0.0
16-17	0.0	0.0	0.0	0.0	0.0
18-19	0.0	0.0	0.0	0.0	0.0
20-21	0.0	0.0	0.0	0.0	0.0
22-23	0.0	0.0	0.0	0.0	0.0
24-25	0.0	0.0	0.0	0.0	0.0
26-27	0.0	0.0	0.0	0.0	0.0
28-29	0.0	0.0	0.0	0.0	0.0
30-31	0.0	0.0	0.0	0.0	0.0
32-33	0.0	0.0	0.0	0.0	0.0
34-35	0.0	0.0	0.0	0.0	0.0
36-37	0.0	0.0	0.0	0.0	0.0
38-39	0.0	0.0	0.0	0.0	0.0
40-41	0.0	0.0	0.0	0.0	0.0
42-43	0.0	0.0	0.0	0.0	0.0
44-45	0.0	0.0	0.0	0.0	0.0
46-47	0.0	0.0	0.0	0.0	0.0
48-49	0.0	0.0	0.0	0.0	0.0
50-51	0.0	0.0	0.0	0.0	0.0
52-53	0.0	0.0	0.0	0.0	0.0
54-55	0.0	0.0	0.0	0.0	0.0
56-57	0.0	0.0	0.0	0.0	0.0
58-59	0.0	0.0	0.0	0.0	0.0
60-61	0.0	0.0	0.0	0.0	0.0
62-63	0.0	0.0	0.0	0.0	0.0
64-65	0.0	0.0	0.0	0.0	0.0
66-67	0.0	0.0	0.0	0.0	0.0
68-69	0.0	0.0	0.0	0.0	0.0
70-71	0.0	0.0	0.0	0.0	0.0
72-73	0.0	0.0	0.0	0.0	0.0
74-75	0.0	0.0	0.0	0.0	0.0
76-77	8.399998320000336E-4	0.0	0.0	0.0	0.0
78-79	0.004199999160000168	0.0	0.0	0.0	0.0
>>END_MODULE
